run/run_2021-08-21_02-00-29_L-98-59_Hubble15856_spec/extracted_sp/bins12_2021-08-24_19-02-57/speclc1.244.txt
# %ECSV 0.9
# ---
# datatype:
# - {name: t_mjd, datatype: float64}
# - {name: t_bjd, datatype: float64}
# - {name: t_visit, datatype: float64}
# - {name: t_orbit, datatype: float64}
# - {name: ivisit, datatype: float64}
# - {name: iorbit, datatype: float64}
# - {name: scan, datatype: float64}
# - {name: spec_opt, datatype: float64}
# - {name: var_opt, datatype: float64}
# - {name: wave, datatype: float64}
# schema: astropy-2.0
t_mjd t_bjd t_visit t_orbit ivisit iorbit scan spec_opt var_opt wave
[from data line 346]
59178.974870310005 2459179.4742590496 110.66586480243132 20.532535209786147 3.0 13.0 0.0 7592191.744580429 743764.5574061836 1.2443181818181817
59178.976166609995 2459179.475555375 112.53253678791225 22.39920719526708 3.0 13.0 1.0 7596116.814601595 744200.6461438308 1.2443181818181817
59178.977462905 2459179.4768516943 114.3992015963886 24.265872003743425 3.0 13.0 0.0 7592317.471552423 743777.1361093632 1.2443181818181817
59178.9787592 2459179.478148011 116.26586639438756 26.13253680174239 3.0 13.0 1.0 7595380.876995696 744121.5005909437 1.2443181818181817
59178.980055495 2459179.479444327 118.13253119238652 27.999201599741355 3.0 13.0 0.0 7592353.001198554 743782.0344147856 1.2443181818181817
59178.981351795 2459179.4807406454 119.99920319882222 29.865873606177047 3.0 13.0 1.0 7597469.36596606 744330.2899417633 1.2443181818181817
59178.98264809 2459179.4820369575 121.86586799682118 31.73253840417601 3.0 13.0 0.0 7594202.806287759 743955.1833040665 1.2443181818181817
59178.983944385 2459179.4833332673 123.73253279482014 33.59920320217498 3.0 13.0 1.0 7597609.509399057 744337.4561804428 1.2443181818181817
59178.985240685 2459179.4846295808 125.59920479077846 35.46587519813329 3.0 13.0 0.0 7592435.751223061 743787.7066819187 1.2443181818181817
59178.986536979995 2459179.485925888 127.46586958877742 37.332539996132255 3.0 13.0 1.0 7598467.9636409525 744426.6915776373 1.2443181818181817
59178.987833275 2459179.4872221933 129.33253439725377 39.1992048046086 3.0 13.0 0.0 7593914.067210412 743930.4610150408 1.2443181818181817
59178.98912957 2459179.4885184974 131.19919919525273 41.06586960260756 3.0 13.0 1.0 7597440.759123749 744327.3728209944 1.2443181818181817
59178.990425865 2459179.4898148007 133.0658639932517 42.93253440060653 3.0 13.0 0.0 7593617.5457849335 743905.7026957164 1.2443181818181817
59178.991722164996 2459179.4911111076 134.93253598921 44.79920639656484 3.0 13.0 1.0 7596584.526761467 744244.0047516966 1.2443181818181817
59178.993018459994 2459179.4924074085 136.79920078720897 46.665871194563806 3.0 13.0 0.0 7593486.91488165 743890.9626465043 1.2443181818181817
59178.994314755 2459179.493703709 138.66586559568532 48.53253600304015 3.0 13.0 1.0 7595873.251343252 744182.5265171594 1.2443181818181817
59179.028087905 2459179.527477328 187.29920159094036 1.865872791968286 3.0 14.0 0.0 7572764.740459612 741894.0978547124 1.2443181818181817
59179.029384199996 2459179.528773657 189.16586638893932 3.732537589967251 3.0 14.0 1.0 7582313.2136270935 742868.0808939805 1.2443181818181817
59179.030680494994 2459179.5300699864 191.0325311869383 5.599202387966216 3.0 14.0 0.0 7580289.198371765 742621.1167409818 1.2443181818181817
59179.031976795 2459179.5313663203 192.89920319337398 7.465874394401908 3.0 14.0 1.0 7584686.281423899 743094.2160469652 1.2443181818181817
59179.03327309 2459179.532662649 194.76586799137294 9.332539192400873 3.0 14.0 0.0 7580323.795103447 742625.241649571 1.2443181818181817
59179.034569384996 2459179.533958977 196.6325327893719 11.199203990399837 3.0 14.0 1.0 7588910.795804586 743497.6737011174 1.2443181818181817
59179.035865679994 2459179.5352553045 198.49919758737087 13.065868788398802 3.0 14.0 0.0 7584457.233559531 743019.9360392536 1.2443181818181817
59179.03716198 2459179.5365516357 200.36586959380656 14.932540794834495 3.0 14.0 1.0 7587247.455742747 743345.2253430071 1.2443181818181817
59179.038458275 2459179.537847961 202.23253439180553 16.79920559283346 3.0 14.0 0.0 7583809.640058303 742960.0324093347 1.2443181818181817
59179.039754569996 2459179.5391442846 204.0991991898045 18.665870390832424 3.0 14.0 1.0 7586732.959768387 743293.1843359796 1.2443181818181817
59179.04105087 2459179.5404406115 205.9658711962402 20.532542397268116 3.0 14.0 0.0 7583937.73855636 742979.0801896591 1.2443181818181817
59179.042347165 2459179.541736932 207.83253599423915 22.39920719526708 3.0 14.0 1.0 7588309.722084357 743450.5631023525 1.2443181818181817
59179.04364346 2459179.5430332515 209.69920079223812 24.265871993266046 3.0 14.0 0.0 7584415.3047618335 743016.9979528922 1.2443181818181817
59179.044939755 2459179.5443295687 211.56586559023708 26.13253679126501 3.0 14.0 1.0 7587898.035251896 743406.1596850522 1.2443181818181817
59179.046236049995 2459179.545625884 213.43253038823605 27.999201589263976 3.0 14.0 0.0 7586502.035792402 743217.4747605721 1.2443181818181817
59179.04753235 2459179.5469222027 215.29920239467174 29.865873595699668 3.0 14.0 1.0 7589671.172918664 743579.9826234004 1.2443181818181817
59179.048828645 2459179.548218515 217.1658671926707 31.732538393698633 3.0 14.0 0.0 7584451.568101675 743017.0262392357 1.2443181818181817
59179.05012494 2459179.5495148245 219.03253199066967 33.5992031916976 3.0 14.0 1.0 7589578.103838163 743569.5731469564 1.2443181818181817
59179.05142124 2459179.550811138 220.89920399710536 35.46587519813329 3.0 14.0 0.0 7584744.222225318 743049.9908412625 1.2443181818181817
59179.052717535 2459179.5521074445 222.76586879510432 37.332539996132255 3.0 14.0 1.0 7587629.407130548 743382.5420402109 1.2443181818181817
59179.05401383 2459179.5534037505 224.6325335931033 39.19920479413122 3.0 14.0 0.0 7586845.171222736 743250.3613463728 1.2443181818181817
59179.055310125 2459179.554700054 226.49919839110225 41.065869592130184 3.0 14.0 1.0 7589201.786501269 743536.5100861107 1.2443181818181817
59179.056606425 2459179.555996362 228.36587039753795 42.93254159856588 3.0 14.0 0.0 7585083.989264716 743081.730444185 1.2443181818181817
59179.05790272 2459179.557292664 230.2325351955369 44.79920639656484 3.0 14.0 1.0 7589794.148817766 743596.923484924 1.2443181818181817
59179.059199015 2459179.5585889653 232.09919999353588 46.665871194563806 3.0 14.0 0.0 7584946.860572705 743071.4077307112 1.2443181818181817
59179.06049531 2459179.559885266 233.96586479153484 48.53253599256277 3.0 14.0 1.0 7588204.0102442065 743447.426507837 1.2443181818181817
59179.09426846 2459179.5936588855 282.59920079726726 1.865872802445665 3.0 15.0 0.0 7576961.257336329 742298.6994794536 1.2443181818181817
59179.095564755 2459179.594955215 284.4658655952662 3.73253760044463 3.0 15.0 1.0 7585406.9855805095 743166.0822146405 1.2443181818181817
59179.096861055004 2459179.5962515497 286.3325376017019 5.599209606880322 3.0 15.0 0.0 7581490.447148419 742733.6520126078 1.2443181818181817
59179.09815735 2459179.5975478785 288.1992023997009 7.465874404879287 3.0 15.0 1.0 7589109.522340691 743519.4648141488 1.2443181818181817
59179.099453645 2459179.5988442074 290.06586719769984 9.332539202878252 3.0 15.0 0.0 7584091.646242989 742984.1539581097 1.2443181818181817
59179.10074994 2459179.6001405357 291.9325319956988 11.199204000877216 3.0 15.0 1.0 7587660.680276125 743378.2404651049 1.2443181818181817
59179.102046235 2459179.6014368627 293.7991967936978 13.065868798876181 3.0 15.0 0.0 7587485.236789227 743308.0643010758 1.2443181818181817
59179.103342535 2459179.6027331944 295.66586880013347 14.932540805311874 3.0 15.0 1.0 7590647.312577706 743670.1250858894 1.2443181818181817
59179.10463883 2459179.604029519 297.53253359813243 16.79920560331084 3.0 15.0 0.0 7587059.357188324 743292.8548817016 1.2443181818181817
59179.105935125 2459179.605325843 299.3991983961314 18.665870401309803 3.0 15.0 1.0 7590360.47494001 743642.4914178306 1.2443181818181817
59179.107231425 2459179.6066221707 301.2658703920897 20.532542397268116 3.0 15.0 0.0 7586345.618893624 743201.7199413036 1.2443181818181817
59179.10852772 2459179.607918491 303.13253520056605 22.39920720574446 3.0 15.0 1.0 7592068.074979692 743806.0055453444 1.2443181818181817
59179.109824015 2459179.6092148097 304.999199998565 24.265872003743425 3.0 15.0 0.0 7589531.716796684 743508.8613250023 1.2443181818181817
59179.11112031 2459179.6105111274 306.865864796564 26.13253680174239 3.0 15.0 1.0 7592826.580723151 743880.9131119385 1.2443181818181817
59179.112416610005 2459179.611807448 308.7325368029997 27.999208808178082 3.0 15.0 0.0 7588945.040507079 743449.0736316701 1.2443181818181817
59179.113712905004 2459179.613103761 310.59920160099864 29.865873606177047 3.0 15.0 1.0 7591062.0904079145 743713.2432525739 1.2443181818181817
59179.1150092 2459179.614400073 312.4658663989976 31.73253840417601 3.0 15.0 0.0 7589003.112812879 743455.9263175636 1.2443181818181817
59179.116305495 2459179.615696383 314.33253119699657 33.59920320217498 3.0 15.0 1.0 7590166.014000871 743624.8591912228 1.2443181818181817
59179.117601795 2459179.6169926967 316.1992031929549 35.46587519813329 3.0 15.0 0.0 7589640.736447924 743517.456534196 1.2443181818181817
59179.118898090004 2459179.618289003 318.0658680014312 37.332540006609634 3.0 15.0 1.0 7591916.05078457 743791.9450285659 1.2443181818181817
59179.120194385 2459179.6195853082 319.9325327994302 39.1992048046086 3.0 15.0 0.0 7589734.98215691 743517.8602112505 1.2443181818181817
59179.121490685 2459179.620881617 321.7992047953885 41.06587680056691 3.0 15.0 1.0 7593143.163665804 743916.2941822363 1.2443181818181817
59179.12278698 2459179.6221779203 323.66586959338747 42.93254159856588 3.0 15.0 0.0 7589407.070683055 743494.5510559975 1.2443181818181817
59179.124083275 2459179.623474222 325.53253439138643 44.79920639656484 3.0 15.0 1.0 7592562.217775655 743860.3533680356 1.2443181818181817
59179.12537957 2459179.624770523 327.3991991998628 46.665871205041185 3.0 15.0 0.0 7590376.579259504 743593.1806853021 1.2443181818181817
59179.126675865 2459179.6260668235 329.26586399786174 48.53253600304015 3.0 15.0 1.0 7592547.855688647 743863.9588148639 1.2443181818181817
59269.031274124995 2459269.53252416 1.8661391898058355 1.8661391898058355 4.0 16.0 0.0 7529092.294455115 737706.2656920309 1.2443181818181817
59269.03257042 2459269.5338204913 3.7328039982821792 3.7328039982821792 4.0 16.0 1.0 7556949.726799664 740429.822222274 1.2443181818181817
59269.033866715006 2459269.535116822 5.599468806758523 5.599468806758523 4.0 16.0 0.0 7557981.8362291455 740482.7091795157 1.2443181818181817
59269.035163010005 2459269.536413152 7.466133604757488 7.466133604757488 4.0 16.0 1.0 7572128.514196406 741888.2649673938 1.2443181818181817
59269.036459309995 2459269.5377094857 9.332805590238422 9.332805590238422 4.0 16.0 0.0 7570268.846950575 741659.8661744035 1.2443181818181817
59269.03775560499 2459269.539005813 11.199470388237387 11.199470388237387 4.0 16.0 1.0 7580900.891572466 742730.2230073785 1.2443181818181817
59269.0390519 2459269.54030214 13.06613519671373 13.06613519671373 4.0 16.0 0.0 7578924.399146754 742491.1103239469 1.2443181818181817
59269.040348195005 2459269.5415984653 14.932800005190074 14.932800005190074 4.0 16.0 1.0 7586436.0560960965 743262.6941066773 1.2443181818181817
59269.041644494995 2459269.542894794 16.79947199067101 16.79947199067101 4.0 16.0 0.0 7583905.659884727 742967.4381928217 1.2443181818181817
59269.04294079 2459269.544191116 18.666136799147353 18.666136799147353 4.0 16.0 1.0 7589604.222192338 743559.9960311056 1.2443181818181817
59269.04423708501 2459269.545487437 20.532801607623696 20.532801607623696 4.0 16.0 0.0 7586696.696607129 743231.54957617 1.2443181818181817
59269.045533380006 2459269.5467837555 22.39946640562266 22.39946640562266 4.0 16.0 1.0 7591827.105734969 743774.5768991971 1.2443181818181817
59269.046829679995 2459269.5480800774 24.266138391103595 24.266138391103595 4.0 16.0 0.0 7587304.549708624 743292.2105495943 1.2443181818181817
59269.048125789996 2459269.549376208 26.13253679126501 26.13253679126501 4.0 16.0 1.0 7593501.57265941 743928.9621869323 1.2443181818181817
59269.049422085 2459269.5506725213 27.999201599741355 27.999201599741355 4.0 16.0 0.0 7591929.273585091 743732.3389097668 1.2443181818181817
59269.050718385 2459269.551968838 29.865873595699668 29.865873595699668 4.0 16.0 1.0 7593516.32284859 743929.4819886299 1.2443181818181817
59269.05201468 2459269.5532651492 31.732538393698633 31.732538393698633 4.0 16.0 0.0 7592005.649700711 743740.4589405756 1.2443181818181817
59269.053310974996 2459269.5545614576 33.5992031916976 33.5992031916976 4.0 16.0 1.0 7596390.274875335 744205.2291717165 1.2443181818181817
59269.054607269994 2459269.555857765 35.46586798969656 35.46586798969656 4.0 16.0 0.0 7592499.326134607 743782.2394536639 1.2443181818181817
59269.055903565 2459269.557154072 37.332532798172906 37.332532798172906 4.0 16.0 1.0 7594876.466214056 744058.8381121292 1.2443181818181817
59269.057199865 2459269.558450382 39.19920479413122 39.19920479413122 4.0 16.0 0.0 7592370.709470615 743768.2226026397 1.2443181818181817
59269.058496159996 2459269.559746687 41.065869592130184 41.065869592130184 4.0 16.0 1.0 7595029.87188716 744072.9066056496 1.2443181818181817
59269.059792455 2459269.5610429905 42.93253440060653 42.93253440060653 4.0 16.0 0.0 7593732.218237805 743901.672490555 1.2443181818181817
59269.061088755 2459269.562339299 44.79920639656484 44.79920639656484 4.0 16.0 1.0 7596787.15525264 744243.168633763 1.2443181818181817
59269.06238505 2459269.5636356026 46.665871194563806 46.665871194563806 4.0 16.0 0.0 7594028.527504493 743932.5281187873 1.2443181818181817
59269.063681345 2459269.5649319054 48.53253599256277 48.53253599256277 4.0 16.0 1.0 7596527.689385445 744218.9975712446 1.2443181818181817
59269.097373565004 2459269.5986247375 97.04933280358091 1.8658656044863164 4.0 17.0 0.0 7579627.31185993 742562.3559299669 1.2443181818181817
59269.098669865 2459269.5999210733 98.91600479953922 3.73253760044463 4.0 17.0 1.0 7586871.475877532 743283.8880777375 1.2443181818181817
59269.09996616 2459269.6012174035 100.78266959753819 5.599202398443595 4.0 17.0 0.0 7586971.744741588 743266.2167317149 1.2443181818181817
59269.101262455 2459269.6025137333 102.64933439553715 7.465867196442559 4.0 17.0 1.0 7591393.855238276 743739.806489737 1.2443181818181817
59269.102558754996 2459269.6038100673 104.51600639149547 9.332539192400873 4.0 17.0 0.0 7588349.01802222 743395.2864602895 1.2443181818181817
59269.103855049994 2459269.605106395 106.38267118949443 11.199203990399837 4.0 17.0 1.0 7591478.650783134 743743.8184074799 1.2443181818181817
59269.105151345 2459269.6064027217 108.24933599797077 13.065868798876181 4.0 17.0 0.0 7589966.7834207 743545.6557721536 1.2443181818181817
59269.10644764 2459269.607699047 110.11600079596974 14.932533596875146 4.0 17.0 1.0 7594710.697978833 744051.9796655782 1.2443181818181817
59269.107743935 2459269.6089953706 111.9826655939687 16.79919839487411 4.0 17.0 0.0 7590105.120567834 743559.3486036792 1.2443181818181817
59269.109040235 2459269.610291698 113.8493376004044 18.665870401309803 4.0 17.0 1.0 7593241.474685618 743910.4007142255 1.2443181818181817
59269.11033653 2459269.611588018 115.71600239840336 20.532535199308768 4.0 17.0 0.0 7592705.585306961 743811.4801974865 1.2443181818181817
59269.111632825 2459269.612884337 117.58266719640233 22.399199997307733 4.0 17.0 1.0 7595946.000682278 744170.4097259657 1.2443181818181817
59269.112929124996 2459269.614180659 119.44933919236064 24.265871993266046 4.0 17.0 0.0 7592496.699169405 743788.7659122476 1.2443181818181817
59269.114225419995 2459269.6154769748 121.3160039903596 26.13253679126501 4.0 17.0 1.0 7593962.027713463 743977.9089766892 1.2443181818181817
59269.115521715 2459269.616773288 123.18266879883595 27.999201599741355 4.0 17.0 0.0 7592032.274370533 743742.2874326645 1.2443181818181817
59269.11681801 2459269.6180696 125.04933359683491 29.86586639774032 4.0 17.0 1.0 7594725.568399388 744050.1399772592 1.2443181818181817
59269.11811431 2459269.619365915 126.91600559279323 31.732538393698633 4.0 17.0 0.0 7592241.977351245 743763.2005397794 1.2443181818181817
59269.119410605 2459269.6206622245 128.78267040126957 33.59920320217498 4.0 17.0 1.0 7595885.041424057 744158.1663665866 1.2443181818181817
59269.1207069 2459269.6219585324 130.64933519926853 35.46586800017394 4.0 17.0 0.0 7590102.108409546 743553.0945654507 1.2443181818181817
59269.122003195 2459269.6232548384 132.5159999972675 37.332532798172906 4.0 17.0 1.0 7593098.437267619 743889.9690943235 1.2443181818181817
