run/run_2021-08-21_02-00-29_L-98-59_Hubble15856_spec/extracted_sp/bins12_2021-08-24_19-02-57/speclc1.340.txt
# %ECSV 0.9
# ---
# datatype:
# - {name: t_mjd, datatype: float64}
# - {name: t_bjd, datatype: float64}
# - {name: t_visit, datatype: float64}
# - {name: t_orbit, datatype: float64}
# - {name: ivisit, datatype: float64}
# - {name: iorbit, datatype: float64}
# - {name: scan, datatype: float64}
# - {name: spec_opt, datatype: float64}
# - {name: var_opt, datatype: float64}
# - {name: wave, datatype: float64}
# schema: astropy-2.0
t_mjd t_bjd t_visit t_orbit ivisit iorbit scan spec_opt var_opt wave
[from data line 461]
59269.124595789996 2459269.6258474537 136.24933679122478 41.065869592130184 4.0 17.0 1.0 7954421.474320592 778617.2607449276 1.3397727272727271
59269.125892085 2459269.627143758 138.11600159970112 42.93253440060653 4.0 17.0 0.0 7953260.394121613 778458.6514316564 1.3397727272727271
59269.127188385 2459269.6284400662 139.98267359565943 44.79920639656484 4.0 17.0 1.0 7957168.811966319 778873.0107675535 1.3397727272727271
59269.12848468 2459269.6297363695 141.8493383936584 46.665871194563806 4.0 17.0 0.0 7950966.058828896 778239.4736943716 1.3397727272727271
59269.129780974996 2459269.6310326727 143.71600319165736 48.53253599256277 4.0 17.0 1.0 7953582.036003533 778531.86301507 1.3397727272727271
59269.163473010005 2459269.664725318 192.23253360483795 1.8658656044863164 4.0 18.0 0.0 7932508.608641277 776480.1911387286 1.3397727272727271
59269.164769309995 2459269.666021654 194.0992055903189 3.732537589967251 4.0 18.0 1.0 7940787.570310932 777269.2333620249 1.3397727272727271
59269.16606560499 2459269.667317984 195.96587038831785 5.599202387966216 4.0 18.0 0.0 7937462.885021453 776951.4483760173 1.3397727272727271
59269.1673619 2459269.668614314 197.8325351967942 7.465867196442559 4.0 18.0 1.0 7941998.346354906 777412.9124504272 1.3397727272727271
59269.168658195005 2459269.669910643 199.69920000527054 9.332532004918903 4.0 18.0 0.0 7941268.183573344 777315.4882219131 1.3397727272727271
59269.169954494995 2459269.6712069754 201.56587199075148 11.199203990399837 4.0 18.0 1.0 7944829.445851786 777680.542806591 1.3397727272727271
59269.17125079 2459269.672503302 203.43253679922782 13.065868798876181 4.0 18.0 0.0 7941692.4297387125 777357.2635201515 1.3397727272727271
59269.17254708501 2459269.6737996275 205.29920160770416 14.932533607352525 4.0 18.0 1.0 7946972.995641864 777900.6812161559 1.3397727272727271
59269.173843380006 2459269.6750959507 207.16586640570313 16.79919840535149 4.0 18.0 0.0 7942064.990283229 777389.6988942205 1.3397727272727271
59269.175139679995 2459269.676392278 209.03253839118406 18.665870390832424 4.0 18.0 1.0 7946858.712951229 777874.2003091192 1.3397727272727271
59269.176435974994 2459269.677688598 210.89920318918303 20.53253518883139 4.0 18.0 0.0 7943717.886410127 777554.213184509 1.3397727272727271
59269.17773227 2459269.6789849172 212.76586799765937 22.399199997307733 4.0 18.0 1.0 7948329.975920383 778012.5106547313 1.3397727272727271
59269.17902857 2459269.6802812396 214.63253999361768 24.265871993266046 4.0 18.0 0.0 7944324.909962142 777606.5198913391 1.3397727272727271
59269.180324864996 2459269.681577555 216.49920479161665 26.13253679126501 4.0 18.0 1.0 7949340.547235333 778153.6978644448 1.3397727272727271
59269.181621159994 2459269.6828738684 218.3658695896156 27.999201589263976 4.0 18.0 0.0 7944242.93353861 777595.9189541818 1.3397727272727271
59269.18291745499 2459269.6841701805 220.23253438761458 29.86586638726294 4.0 18.0 1.0 7948990.48548313 778114.1916610437 1.3397727272727271
59269.18421375 2459269.685466491 222.09919919609092 31.732531195739284 4.0 18.0 0.0 7945490.092282233 777713.8735834137 1.3397727272727271
59269.185510049996 2459269.686762805 223.96587119204924 33.5992031916976 4.0 18.0 1.0 7946074.876295394 777768.6027362049 1.3397727272727271
59269.186806344995 2459269.6880591125 225.8325359900482 35.46586798969656 4.0 18.0 0.0 7944191.0734394975 777588.4464629397 1.3397727272727271
59269.18810264 2459269.6893554195 227.69920079852454 37.332532798172906 4.0 18.0 1.0 7951857.936946676 778366.3287544898 1.3397727272727271
59269.18939894 2459269.6906517297 229.56587279448286 39.19920479413122 4.0 18.0 0.0 7949435.515156584 778090.378119876 1.3397727272727271
59269.190695235 2459269.6919480343 231.43253759248182 41.065869592130184 4.0 18.0 1.0 7952320.742933427 778409.6820075624 1.3397727272727271
59269.191991529995 2459269.6932443385 233.2992023904808 42.93253439012915 4.0 18.0 0.0 7949246.560105417 778074.4133515884 1.3397727272727271
59269.19328782499 2459269.694540642 235.16586718847975 44.799199188128114 4.0 18.0 1.0 7952501.719709457 778426.0722729169 1.3397727272727271
59269.194584125 2459269.6958369506 237.03253919491544 46.665871194563806 4.0 18.0 0.0 7949359.878328718 778087.1516043706 1.3397727272727271
59269.19588042 2459269.697133254 238.8992039929144 48.53253599256277 4.0 18.0 1.0 7952437.755173293 778424.4233344554 1.3397727272727271
59269.229584125 2459269.7308375677 287.4325391999446 1.865872802445665 4.0 19.0 0.0 7935760.220473779 776788.3426977925 1.3397727272727271
59269.23088042 2459269.732133899 289.29920399794355 3.73253760044463 4.0 19.0 1.0 7942815.389243719 777490.7824874826 1.3397727272727271
59269.232176715 2459269.7334302287 291.1658687959425 5.599202398443595 4.0 19.0 0.0 7941284.7796671325 777321.3620505214 1.3397727272727271
59269.23347301 2459269.7347265584 293.0325335939415 7.465867196442559 4.0 19.0 1.0 7946345.403028772 777829.6055726514 1.3397727272727271
59269.23476931 2459269.736022892 294.8992056003772 9.332539202878252 4.0 19.0 0.0 7944852.815419932 777660.953582895 1.3397727272727271
59269.236065605 2459269.73731922 296.76587039837614 11.199204000877216 4.0 19.0 1.0 7946979.3245950835 777911.7881730503 1.3397727272727271
59269.2373619 2459269.7386155464 298.6325351963751 13.065868798876181 4.0 19.0 0.0 7945759.444105489 777749.9016497441 1.3397727272727271
59269.238658195 2459269.7399118715 300.49919999437407 14.932533596875146 4.0 19.0 1.0 7949093.908404973 778069.6131926455 1.3397727272727271
59269.239954495 2459269.7412082 302.36587200080976 16.79920560331084 4.0 19.0 0.0 7946795.526268173 777841.8212000788 1.3397727272727271
59269.24125079 2459269.742504522 304.2325367988087 18.665870401309803 4.0 19.0 1.0 7949901.106249473 778166.3989673958 1.3397727272727271
59269.242547085 2459269.7438008427 306.0992015968077 20.532535199308768 4.0 19.0 0.0 7946697.545754367 777833.1945003169 1.3397727272727271
59269.24384338 2459269.7450971613 307.96586639480665 22.399199997307733 4.0 19.0 1.0 7950713.840466323 778243.4499784419 1.3397727272727271
59269.24513968 2459269.7463934836 309.83253840124235 24.265872003743425 4.0 19.0 0.0 7946635.390322208 777829.4629995903 1.3397727272727271
59269.246435975 2459269.747689799 311.6992031992413 26.13253680174239 4.0 19.0 1.0 7952196.867931777 778405.4929169661 1.3397727272727271
59269.24773227 2459269.748986113 313.5658679972403 27.999201599741355 4.0 19.0 0.0 7947719.971551174 777927.7170226233 1.3397727272727271
59269.249028570004 2459269.7502824296 315.43254000367597 29.865873606177047 4.0 19.0 1.0 7949626.969517066 778133.6378321195 1.3397727272727271
59269.250324865 2459269.7515787403 317.29920480167493 31.73253840417601 4.0 19.0 0.0 7947098.47416638 777869.3272337113 1.3397727272727271
59269.25162116 2459269.7528750496 319.1658695996739 33.59920320217498 4.0 19.0 1.0 7952222.778438128 778382.1566253781 1.3397727272727271
59269.252917455 2459269.754171357 321.03253439767286 35.46586800017394 4.0 19.0 0.0 7943856.485886523 777555.4819283437 1.3397727272727271
59269.25421375 2459269.7554676635 322.8991991956718 37.332532798172906 4.0 19.0 1.0 7949470.483510606 778115.6759969173 1.3397727272727271
59269.25551005 2459269.756763974 324.7658712021075 39.1992048046086 4.0 19.0 0.0 7947471.675260272 777900.3770840929 1.3397727272727271
59269.256806345 2459269.7580602793 326.6325360001065 41.06586960260756 4.0 19.0 1.0 7951510.865346303 778314.951508328 1.3397727272727271
59269.25810264 2459269.759356583 328.49920079810545 42.93253440060653 4.0 19.0 0.0 7946673.908077035 777823.4685366236 1.3397727272727271
59269.259398940005 2459269.760652892 330.36587280454114 44.79920640704222 4.0 19.0 1.0 7950010.990331701 778167.6201641022 1.3397727272727271
59269.260695235 2459269.761949195 332.2325376025401 46.665871205041185 4.0 19.0 0.0 7947110.75906692 777866.7864295958 1.3397727272727271
59269.26199153 2459269.7632454988 334.09920240053907 48.53253600304015 4.0 19.0 1.0 7951957.4526604805 778356.3999827009 1.3397727272727271
