run/run_2021-08-21_02-00-29_L-98-59_Hubble15856_spec/extracted_sp/bins12_2021-08-24_19-02-57/speclc1.626.txt
# %ECSV 0.9
# ---
# datatype:
# - {name: t_mjd, datatype: float64}
# - {name: t_bjd, datatype: float64}
# - {name: t_visit, datatype: float64}
# - {name: t_orbit, datatype: float64}
# - {name: ivisit, datatype: float64}
# - {name: iorbit, datatype: float64}
# - {name: scan, datatype: float64}
# - {name: spec_opt, datatype: float64}
# - {name: var_opt, datatype: float64}
# - {name: wave, datatype: float64}
# schema: astropy-2.0
t_mjd t_bjd t_visit t_orbit ivisit iorbit scan spec_opt var_opt wave
[from data line 116]
58946.853231695 2458947.354919579 24.265864805784076 24.265864805784076 1.0 4.0 0.0 6864802.023634458 675174.1967504877 1.6261363636363637
58946.85452799 2458947.356215875 26.13252960378304 26.13252960378304 1.0 4.0 1.0 6864398.7555654 675177.505128445 1.6261363636363637
58946.85582429 2458947.3575121756 27.999201610218734 27.999201610218734 1.0 4.0 0.0 6867283.717000512 675409.831920287 1.6261363636363637
58946.857120585 2458947.35880847 29.8658664082177 29.8658664082177 1.0 4.0 1.0 6866722.798387054 675400.2133982034 1.6261363636363637
58946.85841688 2458947.3601047634 31.732531206216663 31.732531206216663 1.0 4.0 0.0 6868201.786726159 675504.928414904 1.6261363636363637
58946.859713175 2458947.361401056 33.59919600421563 33.59919600421563 1.0 4.0 1.0 6867055.284804927 675442.7091136755 1.6261363636363637
58946.861009475004 2458947.3626973527 35.46586801065132 35.46586801065132 1.0 4.0 0.0 6868593.794499996 675546.6257109266 1.6261363636363637
58946.86230577 2458947.3639936442 37.332532808650285 37.332532808650285 1.0 4.0 1.0 6869519.719688457 675680.3191253251 1.6261363636363637
58946.863602065 2458947.3652899344 39.19919760664925 39.19919760664925 1.0 4.0 0.0 6868366.524128718 675532.3333386987 1.6261363636363637
58946.86489836 2458947.3665862246 41.065862404648215 41.065862404648215 1.0 4.0 1.0 6870174.020399007 675742.2956350963 1.6261363636363637
58946.866194660004 2458947.3678825195 42.93253441108391 42.93253441108391 1.0 4.0 0.0 6868966.056945111 675579.0931600073 1.6261363636363637
58946.867490955 2458947.3691788097 44.79919920908287 44.79919920908287 1.0 4.0 1.0 6868954.864998754 675616.8627136955 1.6261363636363637
58946.86878725 2458947.370475099 46.66586400708184 46.66586400708184 1.0 4.0 0.0 6870292.776752766 675711.2667920482 1.6261363636363637
58946.870083545 2458947.3717713887 48.5325288050808 48.5325288050808 1.0 4.0 1.0 6870186.861357157 675726.3146440282 1.6261363636363637
58946.900754845 2458947.4024427715 92.69920080900192 1.8658656044863164 1.0 5.0 0.0 6858249.567774483 674560.17145608 1.6261363636363637
58946.90205114 2458947.4037390784 94.56586560700089 3.7325304024852812 1.0 5.0 1.0 6862558.356883445 675011.6723036995 1.6261363636363637
58946.903347435 2458947.4050353845 96.43253040499985 5.599195200484246 1.0 5.0 0.0 6864395.754353072 675151.995321964 1.6261363636363637
58946.904643735004 2458947.4063316956 98.29920241143554 7.465867206919938 1.0 5.0 1.0 6864401.670668163 675201.3201294031 1.6261363636363637
58946.90594003 2458947.4076280016 100.16586720943451 9.332532004918903 1.0 5.0 0.0 6865571.262608158 675257.8366138046 1.6261363636363637
58946.907236325 2458947.408924307 102.03253200743347 11.199196802917868 1.0 5.0 1.0 6864517.822318957 675193.1928300898 1.6261363636363637
58946.90853262 2458947.410220612 103.89919680543244 13.065861600916833 1.0 5.0 0.0 6866921.095904242 675392.9244175131 1.6261363636363637
58946.909828915 2458947.411516916 105.7658616034314 14.932526398915797 1.0 5.0 1.0 6868225.302225088 675550.3337121173 1.6261363636363637
58946.911125215 2458947.4128132244 107.6325336098671 16.79919840535149 1.0 5.0 0.0 6867534.376767902 675454.3173770373 1.6261363636363637
58946.91242151 2458947.414109527 109.49919840786606 18.665863203350455 1.0 5.0 1.0 6867055.740466719 675439.842977916 1.6261363636363637
58946.913717805 2458947.415405829 111.36586320586503 20.53252800134942 1.0 5.0 0.0 6868327.164672938 675521.8759188264 1.6261363636363637
58946.915014105 2458947.4167021345 113.23253520182334 22.399199997307733 1.0 5.0 1.0 6869309.075592606 675658.8269097448 1.6261363636363637
58946.9163104 2458947.417998434 115.09920001029968 24.265864805784076 1.0 5.0 0.0 6867379.805936488 675424.2199708025 1.6261363636363637
58946.917606695 2458947.419294733 116.96586480829865 26.13252960378304 1.0 5.0 1.0 6868966.6796470275 675616.8126407089 1.6261363636363637
58946.91890299 2458947.4205910307 118.83252960629761 27.999194401782006 1.0 5.0 0.0 6869228.57641036 675600.6613749444 1.6261363636363637
58946.920199285 2458947.421887327 120.69919440429658 29.86585919978097 1.0 5.0 1.0 6869887.884568386 675706.0263437722 1.6261363636363637
58946.921495585004 2458947.4231836274 122.56586641073227 31.732531206216663 1.0 5.0 0.0 6868152.681408072 675503.7457624888 1.6261363636363637
58946.92279188 2458947.4244799227 124.43253120873123 33.59919600421563 1.0 5.0 1.0 6866733.348124807 675404.8406350008 1.6261363636363637
58946.924088175 2458947.425776216 126.2991960067302 35.46586080221459 1.0 5.0 0.0 6869311.869252601 675619.5111621292 1.6261363636363637
58946.925384475 2458947.427072514 128.1658680026885 37.332532798172906 1.0 5.0 1.0 6867466.693310322 675469.9136819721 1.6261363636363637
58946.926680770004 2458947.428368806 130.03253281116486 39.19919760664925 1.0 5.0 0.0 6867748.138197197 675464.7792032453 1.6261363636363637
58946.927977065 2458947.4296650975 131.89919760916382 41.065862404648215 1.0 5.0 1.0 6869236.587004803 675649.536000531 1.6261363636363637
58946.92927336 2458947.4309613886 133.76586240716279 42.93252720264718 1.0 5.0 0.0 6867906.709883008 675490.7321492223 1.6261363636363637
58946.930569660006 2458947.432257684 135.63253441359848 44.79919920908287 1.0 5.0 1.0 6866084.615571836 675353.8545862489 1.6261363636363637
58946.931865955004 2458947.4335539737 137.49919921159744 46.66586400708184 1.0 5.0 0.0 6866519.235350305 675347.3684095537 1.6261363636363637
58946.93316225 2458947.434850264 139.3658640095964 48.5325288050808 1.0 5.0 1.0 6868759.313740262 675597.6458705759 1.6261363636363637
58946.966831325 2458947.4685194087 187.84933200571686 1.865872791968286 1.0 6.0 0.0 6851179.630715322 673882.157538174 1.6261363636363637
58946.96812762 2458947.4698157148 189.71599680371583 3.732537589967251 1.0 6.0 1.0 6854345.508642881 674224.1566681433 1.6261363636363637
58946.96942392 2458947.471112026 191.58266881015152 5.599209596402943 1.0 6.0 0.0 6857149.396410761 674456.7676251467 1.6261363636363637
58946.970720215 2458947.472408332 193.44933360815048 7.465874394401908 1.0 6.0 1.0 6858627.233909393 674636.2664980299 1.6261363636363637
58946.97201651 2458947.473704638 195.31599840614945 9.332539192400873 1.0 6.0 0.0 6858433.837543934 674574.8751239245 1.6261363636363637
58946.973312805 2458947.475000943 197.1826632041484 11.199203990399837 1.0 6.0 1.0 6859239.649317493 674687.8474292909 1.6261363636363637
58946.9746091 2458947.4762972477 199.04932800214738 13.065868788398802 1.0 6.0 0.0 6860434.488016405 674764.51480464 1.6261363636363637
58946.9759054 2458947.477593557 200.91600000858307 14.932540794834495 1.0 6.0 1.0 6860330.927196655 674790.9014864712 1.6261363636363637
58946.977201695 2458947.4788898607 202.78266480658203 16.79920559283346 1.0 6.0 0.0 6860275.313155985 674743.9492876552 1.6261363636363637
58946.97849799 2458947.480186163 204.649329604581 18.665870390832424 1.0 6.0 1.0 6860996.792249885 674859.2677483006 1.6261363636363637
58946.979794290004 2458947.4814824695 206.5160016110167 20.532542397268116 1.0 6.0 0.0 6860221.891893688 674738.2963401842 1.6261363636363637
58946.981090585 2458947.48277877 208.38266640901566 22.39920719526708 1.0 6.0 1.0 6860390.47126583 674803.9912794869 1.6261363636363637
58946.98238688 2458947.48407507 210.24933120701462 24.265871993266046 1.0 6.0 0.0 6863080.214178918 675015.9230076179 1.6261363636363637
58946.983683175 2458947.4853713685 212.11599600501359 26.13253679126501 1.0 6.0 1.0 6860605.1452148305 674799.5370892681 1.6261363636363637
58946.984979475004 2458947.4866676712 213.98266801144928 27.999208797700703 1.0 6.0 0.0 6862946.082698224 675000.3847691981 1.6261363636363637
58946.98627577 2458947.4879639675 215.84933280944824 29.865873595699668 1.0 6.0 1.0 6861589.7634508 674916.208921163 1.6261363636363637
58946.987572065 2458947.4892602633 217.7159976074472 31.732538393698633 1.0 6.0 0.0 6864361.264218749 675136.0842109061 1.6261363636363637
58946.98886836 2458947.490556558 219.58266240544617 33.5992031916976 1.0 6.0 1.0 6862830.5066467635 675027.7293909331 1.6261363636363637
58946.990164660005 2458947.4918528567 221.44933441188186 35.46587519813329 1.0 6.0 0.0 6863487.680585863 675046.2840749408 1.6261363636363637
58946.991460955 2458947.4931491497 223.31599920988083 37.332539996132255 1.0 6.0 1.0 6862101.248394086 674957.2686132625 1.6261363636363637
58946.99275725 2458947.4944454418 225.1826640078798 39.19920479413122 1.0 6.0 0.0 6866584.768687405 675346.592726322 1.6261363636363637
58946.994053545 2458947.4957417333 227.04932880587876 41.065869592130184 1.0 6.0 1.0 6866406.192768616 675379.7684712479 1.6261363636363637
58946.995349845005 2458947.497038029 228.91600081231445 42.93254159856588 1.0 6.0 0.0 6865471.7161642695 675248.7180402832 1.6261363636363637
58946.99664614 2458947.4983343193 230.78266561031342 44.79920639656484 1.0 6.0 1.0 6866280.705713114 675364.6149618607 1.6261363636363637
58946.997942435 2458947.49963061 232.64933040831238 46.665871194563806 1.0 6.0 0.0 6864684.412139787 675168.9995394441 1.6261363636363637
58946.99923873 2458947.5009268997 234.51599520631135 48.53253599256277 1.0 6.0 1.0 6865374.678550984 675278.2929027252 1.6261363636363637
58947.03290762 2458947.5345958583 282.99919680459425 1.8658656044863164 1.0 7.0 0.0 6853784.316811772 674137.9186474914 1.6261363636363637
58947.034203920004 2458947.5358921695 284.86586881102994 3.7325376109220088 1.0 7.0 1.0 6857392.865944536 674516.8061941942 1.6261363636363637
58947.035500215 2458947.5371884755 286.7325336090289 5.5992024089209735 1.0 7.0 0.0 6859689.089208415 674695.1080873981 1.6261363636363637
58947.03679651 2458947.538484782 288.59919840702787 7.465867206919938 1.0 7.0 1.0 6858877.301343987 674660.6176462158 1.6261363636363637
58947.038092805 2458947.5397810875 290.46586320502684 9.332532004918903 1.0 7.0 0.0 6860862.2871738635 674814.9074373508 1.6261363636363637
58947.0393891 2458947.5410773926 292.3325280030258 11.199196802917868 1.0 7.0 1.0 6861649.111901176 674919.4649388146 1.6261363636363637
58947.0406854 2458947.542373702 294.1992000094615 13.06586880935356 1.0 7.0 0.0 6862935.5033463705 675008.0270847186 1.6261363636363637
58947.041981695 2458947.5436700066 296.06586480746046 14.932533607352525 1.0 7.0 1.0 6865801.816922954 675319.5129255331 1.6261363636363637
58947.04327799 2458947.5449663093 297.9325296054594 16.79919840535149 1.0 7.0 0.0 6863296.91487839 675040.7074966492 1.6261363636363637
58947.044574290005 2458947.5462626168 299.7992016118951 18.665870411787182 1.0 7.0 1.0 6864585.30054421 675203.532188109 1.6261363636363637
58947.045870585 2458947.5475589186 301.6658664098941 20.532535209786147 1.0 7.0 0.0 6865679.784132697 675264.8128626465 1.6261363636363637
58947.04716688 2458947.5488552195 303.53253120789304 22.39920000778511 1.0 7.0 1.0 6863867.189160404 675134.8994156227 1.6261363636363637
58947.048463175 2458947.550151519 305.399196005892 24.265864805784076 1.0 7.0 0.0 6865458.93743136 675245.1613431334 1.6261363636363637
58947.049759475005 2458947.5514478222 307.2658680123277 26.13253681221977 1.0 7.0 1.0 6863243.319676835 675074.7619052791 1.6261363636363637
58947.05105577 2458947.55274412 309.13253281032667 27.999201610218734 1.0 7.0 0.0 6864775.61559256 675187.1632329649 1.6261363636363637
58947.052352065 2458947.5540404166 310.99919760832563 29.8658664082177 1.0 7.0 1.0 6864843.124011798 675228.7544350525 1.6261363636363637
58947.05364836 2458947.5553367124 312.8658624063246 31.732531206216663 1.0 7.0 0.0 6867169.832396246 675415.0150370906 1.6261363636363637
58947.054944660005 2458947.556633012 314.7325344127603 33.599203212652355 1.0 7.0 1.0 6864602.68340675 675197.7557320094 1.6261363636363637
58947.056240955004 2458947.5579293054 316.59919921075925 35.46586801065132 1.0 7.0 0.0 6865969.54617879 675292.1031471615 1.6261363636363637
58947.05753725 2458947.559225599 318.4658640087582 37.332532808650285 1.0 7.0 1.0 6865091.377524391 675246.7376745716 1.6261363636363637
58947.058833545 2458947.560521891 320.3325288067572 39.19919760664925 1.0 7.0 0.0 6865198.303292633 675220.2085995204 1.6261363636363637
58947.060129845006 2458947.5618181876 322.1992008131929 41.06586961308494 1.0 7.0 1.0 6864905.509001976 675235.1023346259 1.6261363636363637
58947.061426140004 2458947.5631144783 324.06586561119184 42.93253441108391 1.0 7.0 0.0 6865740.020341013 675277.523174958 1.6261363636363637
58947.062722435 2458947.564410769 325.9325304091908 44.79919920908287 1.0 7.0 1.0 6864570.378799139 675196.4368284018 1.6261363636363637
58947.06401873 2458947.565707059 327.79919520718977 46.66586400708184 1.0 7.0 0.0 6864729.555171983 675175.3882691928 1.6261363636363637
58947.065315030006 2458947.567003354 329.66586721362546 48.53253601351753 1.0 7.0 1.0 6865387.053005165 675278.753684258 1.6261363636363637
59120.318630155 2459120.8177504004 1.8658656044863164 1.8658656044863164 2.0 8.0 0.0 6827825.876716833 671648.6567009642 1.6261363636363637
59120.319926455 2459120.819046701 3.73253760044463 3.73253760044463 2.0 8.0 1.0 6846251.659516079 673445.9965337439 1.6261363636363637
59120.321222750004 2459120.8203429957 5.5992024089209735 5.5992024089209735 2.0 8.0 0.0 6850727.13930644 673845.9587196026 1.6261363636363637
59120.322519045 2459120.82163929 7.465867206919938 7.465867206919938 2.0 8.0 1.0 6865564.430399524 675299.2809072722 1.6261363636363637
59120.32381534 2459120.822935584 9.332532004918903 9.332532004918903 2.0 8.0 0.0 6862806.831729174 675004.5203700098 1.6261363636363637
59120.32511164 2459120.824231882 11.199204000877216 11.199204000877216 2.0 8.0 1.0 6868402.760345533 675577.7467063149 1.6261363636363637
59120.326407935 2459120.8255281746 13.065868798876181 13.065868798876181 2.0 8.0 0.0 6871860.409668913 675882.9869612326 1.6261363636363637
59120.32770423 2459120.8268244658 14.932533607352525 14.932533607352525 2.0 8.0 1.0 6875222.811817285 676228.0196256876 1.6261363636363637
59120.329000525 2459120.8281207564 16.79919840535149 16.79919840535149 2.0 8.0 0.0 6876449.962305372 676309.8002652174 1.6261363636363637
59120.330296825 2459120.829417051 18.665870401309803 18.665870401309803 2.0 8.0 1.0 6876826.4661872815 676387.6738400849 1.6261363636363637
59120.331593120005 2459120.830713339 20.532535209786147 20.532535209786147 2.0 8.0 0.0 6879232.260599577 676584.3685167718 1.6261363636363637
59120.332889415 2459120.832009626 22.39920000778511 22.39920000778511 2.0 8.0 1.0 6882616.330406406 676942.7048826603 1.6261363636363637
59120.334185715 2459120.833305917 24.265872003743425 24.265872003743425 2.0 8.0 0.0 6881771.704079586 676834.601960931 1.6261363636363637
59120.33548201 2459120.8346022028 26.13253680174239 26.13253680174239 2.0 8.0 1.0 6881978.368168542 676884.4063421121 1.6261363636363637
59120.336778305 2459120.8358984864 27.999201599741355 27.999201599741355 2.0 8.0 0.0 6883341.499868311 676986.6944424738 1.6261363636363637
59120.338074600004 2459120.837194769 29.8658664082177 29.8658664082177 2.0 8.0 1.0 6884128.041151758 677090.0465709614 1.6261363636363637
59120.339370895 2459120.838491051 31.732531206216663 31.732531206216663 2.0 8.0 0.0 6882699.253045365 676918.1498957882 1.6261363636363637
59120.340667195 2459120.839787337 33.59920320217498 33.59920320217498 2.0 8.0 1.0 6883818.3211804135 677068.0197135537 1.6261363636363637
59120.341963490006 2459120.841083617 35.46586801065132 35.46586801065132 2.0 8.0 0.0 6884781.76120447 677119.7278681729 1.6261363636363637
59120.343259785004 2459120.842379896 37.332532808650285 37.332532808650285 2.0 8.0 1.0 6885077.998671225 677181.6890845201 1.6261363636363637
59120.344556085 2459120.8436761796 39.1992048046086 39.1992048046086 2.0 8.0 0.0 6886729.506988503 677307.2289293826 1.6261363636363637
59120.34585238 2459120.844972458 41.06586960260756 41.06586960260756 2.0 8.0 1.0 6884719.904417572 677149.1400945524 1.6261363636363637
