run/run_2021-08-21_02-00-29_L-98-59_Hubble15856_spec/extracted_sp/bins12_2021-08-24_19-02-57/speclc1.626.txt
# %ECSV 0.9
# ---
# datatype:
# - {name: t_mjd, datatype: float64}
# - {name: t_bjd, datatype: float64}
# - {name: t_visit, datatype: float64}
# - {name: t_orbit, datatype: float64}
# - {name: ivisit, datatype: float64}
# - {name: iorbit, datatype: float64}
# - {name: scan, datatype: float64}
# - {name: spec_opt, datatype: float64}
# - {name: var_opt, datatype: float64}
# - {name: wave, datatype: float64}
# schema: astropy-2.0
t_mjd t_bjd t_visit t_orbit ivisit iorbit scan spec_opt var_opt wave
[from data line 461]
59269.124595789996 2459269.6258474537 136.24933679122478 41.065869592130184 4.0 17.0 1.0 6880855.2056021355 676772.0486291556 1.6261363636363637
59269.125892085 2459269.627143758 138.11600159970112 42.93253440060653 4.0 17.0 0.0 6881234.4202255495 676750.5008479905 1.6261363636363637
59269.127188385 2459269.6284400662 139.98267359565943 44.79920639656484 4.0 17.0 1.0 6878165.441490806 676509.3612727027 1.6261363636363637
59269.12848468 2459269.6297363695 141.8493383936584 46.665871194563806 4.0 17.0 0.0 6880531.084481642 676679.757137665 1.6261363636363637
59269.129780974996 2459269.6310326727 143.71600319165736 48.53253599256277 4.0 17.0 1.0 6878639.875209992 676554.1258694198 1.6261363636363637
59269.163473010005 2459269.664725318 192.23253360483795 1.8658656044863164 4.0 18.0 0.0 6861529.944803683 674872.832159756 1.6261363636363637
59269.164769309995 2459269.666021654 194.0992055903189 3.732537589967251 4.0 18.0 1.0 6865109.435595813 675230.6684140357 1.6261363636363637
59269.16606560499 2459269.667317984 195.96587038831785 5.599202387966216 4.0 18.0 0.0 6867459.533880025 675441.7766936126 1.6261363636363637
59269.1673619 2459269.668614314 197.8325351967942 7.465867196442559 4.0 18.0 1.0 6869798.784511372 675708.2678555861 1.6261363636363637
59269.168658195005 2459269.669910643 199.69920000527054 9.332532004918903 4.0 18.0 0.0 6869737.210930791 675665.200636724 1.6261363636363637
59269.169954494995 2459269.6712069754 201.56587199075148 11.199203990399837 4.0 18.0 1.0 6871531.064291901 675866.1960703898 1.6261363636363637
59269.17125079 2459269.672503302 203.43253679922782 13.065868798876181 4.0 18.0 0.0 6872389.283009833 675901.022284518 1.6261363636363637
59269.17254708501 2459269.6737996275 205.29920160770416 14.932533607352525 4.0 18.0 1.0 6871019.762629439 675827.0873976557 1.6261363636363637
59269.173843380006 2459269.6750959507 207.16586640570313 16.79919840535149 4.0 18.0 0.0 6871502.230651189 675828.0620735433 1.6261363636363637
59269.175139679995 2459269.676392278 209.03253839118406 18.665870390832424 4.0 18.0 1.0 6870065.70710334 675722.7197359188 1.6261363636363637
59269.176435974994 2459269.677688598 210.89920318918303 20.53253518883139 4.0 18.0 0.0 6872192.860410338 675888.5854469077 1.6261363636363637
59269.17773227 2459269.6789849172 212.76586799765937 22.399199997307733 4.0 18.0 1.0 6871790.87791313 675880.0035035878 1.6261363636363637
59269.17902857 2459269.6802812396 214.63253999361768 24.265871993266046 4.0 18.0 0.0 6872301.832577472 675892.1891370604 1.6261363636363637
59269.180324864996 2459269.681577555 216.49920479161665 26.13253679126501 4.0 18.0 1.0 6871731.984333501 675916.9368847309 1.6261363636363637
59269.181621159994 2459269.6828738684 218.3658695896156 27.999201589263976 4.0 18.0 0.0 6873670.127070497 676023.1379673866 1.6261363636363637
59269.18291745499 2459269.6841701805 220.23253438761458 29.86586638726294 4.0 18.0 1.0 6874976.62656695 676230.6617253913 1.6261363636363637
59269.18421375 2459269.685466491 222.09919919609092 31.732531195739284 4.0 18.0 0.0 6874741.158391647 676130.5083115207 1.6261363636363637
59269.185510049996 2459269.686762805 223.96587119204924 33.5992031916976 4.0 18.0 1.0 6872683.557354422 675946.2955945607 1.6261363636363637
59269.186806344995 2459269.6880591125 225.8325359900482 35.46586798969656 4.0 18.0 0.0 6872493.695400949 675912.2086634894 1.6261363636363637
59269.18810264 2459269.6893554195 227.69920079852454 37.332532798172906 4.0 18.0 1.0 6874455.635964578 676152.444659417 1.6261363636363637
59269.18939894 2459269.6906517297 229.56587279448286 39.19920479413122 4.0 18.0 0.0 6875066.295051782 676159.9928334797 1.6261363636363637
59269.190695235 2459269.6919480343 231.43253759248182 41.065869592130184 4.0 18.0 1.0 6878993.880446253 676583.4320099548 1.6261363636363637
59269.191991529995 2459269.6932443385 233.2992023904808 42.93253439012915 4.0 18.0 0.0 6878324.3334662 676469.2697868968 1.6261363636363637
59269.19328782499 2459269.694540642 235.16586718847975 44.799199188128114 4.0 18.0 1.0 6875669.303229165 676271.4906788069 1.6261363636363637
59269.194584125 2459269.6958369506 237.03253919491544 46.665871194563806 4.0 18.0 0.0 6876193.351805278 676264.5892547516 1.6261363636363637
59269.19588042 2459269.697133254 238.8992039929144 48.53253599256277 4.0 18.0 1.0 6876994.687788219 676391.649871533 1.6261363636363637
59269.229584125 2459269.7308375677 287.4325391999446 1.865872802445665 4.0 19.0 0.0 6863263.474077579 675040.331728457 1.6261363636363637
59269.23088042 2459269.732133899 289.29920399794355 3.73253760044463 4.0 19.0 1.0 6869425.065759397 675664.1225856536 1.6261363636363637
59269.232176715 2459269.7334302287 291.1658687959425 5.599202398443595 4.0 19.0 0.0 6868724.607458596 675562.4608348577 1.6261363636363637
59269.23347301 2459269.7347265584 293.0325335939415 7.465867196442559 4.0 19.0 1.0 6872084.661380315 675919.0250092737 1.6261363636363637
59269.23476931 2459269.736022892 294.8992056003772 9.332539202878252 4.0 19.0 0.0 6871848.881248622 675851.6355950922 1.6261363636363637
59269.236065605 2459269.73731922 296.76587039837614 11.199204000877216 4.0 19.0 1.0 6873377.595333041 676055.5693160964 1.6261363636363637
59269.2373619 2459269.7386155464 298.6325351963751 13.065868798876181 4.0 19.0 0.0 6872759.948630373 675949.0354009365 1.6261363636363637
59269.238658195 2459269.7399118715 300.49919999437407 14.932533596875146 4.0 19.0 1.0 6875070.727335564 676183.860911824 1.6261363636363637
59269.239954495 2459269.7412082 302.36587200080976 16.79920560331084 4.0 19.0 0.0 6874710.167893317 676130.5678986966 1.6261363636363637
59269.24125079 2459269.742504522 304.2325367988087 18.665870401309803 4.0 19.0 1.0 6875681.392899971 676264.7620507199 1.6261363636363637
59269.242547085 2459269.7438008427 306.0992015968077 20.532535199308768 4.0 19.0 0.0 6874956.803391382 676159.1403420579 1.6261363636363637
59269.24384338 2459269.7450971613 307.96586639480665 22.399199997307733 4.0 19.0 1.0 6873195.944581542 676017.7062236174 1.6261363636363637
59269.24513968 2459269.7463934836 309.83253840124235 24.265872003743425 4.0 19.0 0.0 6874310.800521145 676088.2765499039 1.6261363636363637
59269.246435975 2459269.747689799 311.6992031992413 26.13253680174239 4.0 19.0 1.0 6873819.115196996 676103.2439286401 1.6261363636363637
59269.24773227 2459269.748986113 313.5658679972403 27.999201599741355 4.0 19.0 0.0 6875549.076426291 676211.7305441104 1.6261363636363637
59269.249028570004 2459269.7502824296 315.43254000367597 29.865873606177047 4.0 19.0 1.0 6875291.300758472 676213.6941884665 1.6261363636363637
59269.250324865 2459269.7515787403 317.29920480167493 31.73253840417601 4.0 19.0 0.0 6875324.07945409 676191.4112890958 1.6261363636363637
59269.25162116 2459269.7528750496 319.1658695996739 33.59920320217498 4.0 19.0 1.0 6874938.106470083 676185.4960689348 1.6261363636363637
59269.252917455 2459269.754171357 321.03253439767286 35.46586800017394 4.0 19.0 0.0 6873976.248778954 676054.5637993368 1.6261363636363637
59269.25421375 2459269.7554676635 322.8991991956718 37.332532798172906 4.0 19.0 1.0 6875440.647432435 676224.3035526199 1.6261363636363637
59269.25551005 2459269.756763974 324.7658712021075 39.1992048046086 4.0 19.0 0.0 6875692.085938565 676219.9534807412 1.6261363636363637
59269.256806345 2459269.7580602793 326.6325360001065 41.06586960260756 4.0 19.0 1.0 6874872.519954932 676182.8825417763 1.6261363636363637
59269.25810264 2459269.759356583 328.49920079810545 42.93253440060653 4.0 19.0 0.0 6875088.63492554 676160.0518762363 1.6261363636363637
59269.259398940005 2459269.760652892 330.36587280454114 44.79920640704222 4.0 19.0 1.0 6873350.773774511 676028.9746062559 1.6261363636363637
59269.260695235 2459269.761949195 332.2325376025401 46.665871205041185 4.0 19.0 0.0 6874203.6918187225 676074.869029822 1.6261363636363637
59269.26199153 2459269.7632454988 334.09920240053907 48.53253600304015 4.0 19.0 1.0 6874243.125592224 676113.2349961579 1.6261363636363637
