run/run_2021-08-21_02-00-29_L-98-59_Hubble15856_spec/extracted_sp/bins12_2021-08-24_19-02-57/speclc1.340.txt
# %ECSV 0.9
# ---
# datatype:
# - {name: t_mjd, datatype: float64}
# - {name: t_bjd, datatype: float64}
# - {name: t_visit, datatype: float64}
# - {name: t_orbit, datatype: float64}
# - {name: ivisit, datatype: float64}
# - {name: iorbit, datatype: float64}
# - {name: scan, datatype: float64}
# - {name: spec_opt, datatype: float64}
# - {name: var_opt, datatype: float64}
# - {name: wave, datatype: float64}
# schema: astropy-2.0
t_mjd t_bjd t_visit t_orbit ivisit iorbit scan spec_opt var_opt wave
[from data line 116]
58946.853231695 2458947.354919579 24.265864805784076 24.265864805784076 1.0 4.0 0.0 7959655.247370474 779083.4911816433 1.3397727272727271
58946.85452799 2458947.356215875 26.13252960378304 26.13252960378304 1.0 4.0 1.0 7965131.257747459 779630.5537556703 1.3397727272727271
58946.85582429 2458947.3575121756 27.999201610218734 27.999201610218734 1.0 4.0 0.0 7963132.348815785 779421.9514263548 1.3397727272727271
58946.857120585 2458947.35880847 29.8658664082177 29.8658664082177 1.0 4.0 1.0 7966585.121936523 779773.4230632123 1.3397727272727271
58946.85841688 2458947.3601047634 31.732531206216663 31.732531206216663 1.0 4.0 0.0 7964452.973448199 779550.3000843225 1.3397727272727271
58946.859713175 2458947.361401056 33.59919600421563 33.59919600421563 1.0 4.0 1.0 7965751.981334365 779696.7435444815 1.3397727272727271
58946.861009475004 2458947.3626973527 35.46586801065132 35.46586801065132 1.0 4.0 0.0 7962961.527062804 779408.419337034 1.3397727272727271
58946.86230577 2458947.3639936442 37.332532808650285 37.332532808650285 1.0 4.0 1.0 7968016.005627029 779913.5390896017 1.3397727272727271
58946.863602065 2458947.3652899344 39.19919760664925 39.19919760664925 1.0 4.0 0.0 7964517.962471662 779554.5381000058 1.3397727272727271
58946.86489836 2458947.3665862246 41.065862404648215 41.065862404648215 1.0 4.0 1.0 7965670.885367547 779685.782037135 1.3397727272727271
58946.866194660004 2458947.3678825195 42.93253441108391 42.93253441108391 1.0 4.0 0.0 7964345.580326151 779539.0904315612 1.3397727272727271
58946.867490955 2458947.3691788097 44.79919920908287 44.79919920908287 1.0 4.0 1.0 7968693.09202332 779974.3010745753 1.3397727272727271
58946.86878725 2458947.370475099 46.66586400708184 46.66586400708184 1.0 4.0 0.0 7964382.271272828 779541.5817995747 1.3397727272727271
58946.870083545 2458947.3717713887 48.5325288050808 48.5325288050808 1.0 4.0 1.0 7967785.395419443 779881.7628893312 1.3397727272727271
58946.900754845 2458947.4024427715 92.69920080900192 1.8658656044863164 1.0 5.0 0.0 7950374.532180834 778202.2748773791 1.3397727272727271
58946.90205114 2458947.4037390784 94.56586560700089 3.7325304024852812 1.0 5.0 1.0 7959167.367975139 779068.3391151952 1.3397727272727271
58946.903347435 2458947.4050353845 96.43253040499985 5.599195200484246 1.0 5.0 0.0 7956949.292994163 778833.7433317242 1.3397727272727271
58946.904643735004 2458947.4063316956 98.29920241143554 7.465867206919938 1.0 5.0 1.0 7960712.609656152 779217.9327705771 1.3397727272727271
58946.90594003 2458947.4076280016 100.16586720943451 9.332532004918903 1.0 5.0 0.0 7959448.289651585 779072.0308783645 1.3397727272727271
58946.907236325 2458947.408924307 102.03253200743347 11.199196802917868 1.0 5.0 1.0 7963552.133574526 779488.2588926306 1.3397727272727271
58946.90853262 2458947.410220612 103.89919680543244 13.065861600916833 1.0 5.0 0.0 7960994.497154665 779223.4776245453 1.3397727272727271
58946.909828915 2458947.411516916 105.7658616034314 14.932526398915797 1.0 5.0 1.0 7963986.3380917115 779529.7831622651 1.3397727272727271
58946.911125215 2458947.4128132244 107.6325336098671 16.79919840535149 1.0 5.0 0.0 7961977.582408721 779314.9284397581 1.3397727272727271
58946.91242151 2458947.414109527 109.49919840786606 18.665863203350455 1.0 5.0 1.0 7967887.858025707 779907.1209918126 1.3397727272727271
58946.913717805 2458947.415405829 111.36586320586503 20.53252800134942 1.0 5.0 0.0 7962793.72654258 779394.3091317101 1.3397727272727271
58946.915014105 2458947.4167021345 113.23253520182334 22.399199997307733 1.0 5.0 1.0 7966506.019941631 779774.1803616015 1.3397727272727271
58946.9163104 2458947.417998434 115.09920001029968 24.265864805784076 1.0 5.0 0.0 7961976.995164255 779308.4300821902 1.3397727272727271
58946.917606695 2458947.419294733 116.96586480829865 26.13252960378304 1.0 5.0 1.0 7966953.992279587 779809.3907059006 1.3397727272727271
58946.91890299 2458947.4205910307 118.83252960629761 27.999194401782006 1.0 5.0 0.0 7963769.145779918 779479.7039654437 1.3397727272727271
58946.920199285 2458947.421887327 120.69919440429658 29.86585919978097 1.0 5.0 1.0 7967001.289615693 779815.3587087641 1.3397727272727271
58946.921495585004 2458947.4231836274 122.56586641073227 31.732531206216663 1.0 5.0 0.0 7964703.702370584 779567.6880302355 1.3397727272727271
58946.92279188 2458947.4244799227 124.43253120873123 33.59919600421563 1.0 5.0 1.0 7965954.247532769 779713.8532848217 1.3397727272727271
58946.924088175 2458947.425776216 126.2991960067302 35.46586080221459 1.0 5.0 0.0 7963603.865848142 779466.7967605237 1.3397727272727271
58946.925384475 2458947.427072514 128.1658680026885 37.332532798172906 1.0 5.0 1.0 7967371.239563945 779848.9626621592 1.3397727272727271
58946.926680770004 2458947.428368806 130.03253281116486 39.19919760664925 1.0 5.0 0.0 7961726.629469462 779285.3885514553 1.3397727272727271
58946.927977065 2458947.4296650975 131.89919760916382 41.065862404648215 1.0 5.0 1.0 7965786.707324049 779700.7643635694 1.3397727272727271
58946.92927336 2458947.4309613886 133.76586240716279 42.93252720264718 1.0 5.0 0.0 7963370.147106429 779443.6522861945 1.3397727272727271
58946.930569660006 2458947.432257684 135.63253441359848 44.79919920908287 1.0 5.0 1.0 7963372.117656648 779469.9365523052 1.3397727272727271
58946.931865955004 2458947.4335539737 137.49919921159744 46.66586400708184 1.0 5.0 0.0 7962434.448766194 779358.0444172091 1.3397727272727271
58946.93316225 2458947.434850264 139.3658640095964 48.5325288050808 1.0 5.0 1.0 7966776.418804199 779790.8943167657 1.3397727272727271
58946.966831325 2458947.4685194087 187.84933200571686 1.865872791968286 1.0 6.0 0.0 7945367.162474964 777725.4689367515 1.3397727272727271
58946.96812762 2458947.4698157148 189.71599680371583 3.732537589967251 1.0 6.0 1.0 7951782.370807971 778361.3542477984 1.3397727272727271
58946.96942392 2458947.471112026 191.58266881015152 5.599209596402943 1.0 6.0 0.0 7950019.2798722815 778172.5575870208 1.3397727272727271
58946.970720215 2458947.472408332 193.44933360815048 7.465874394401908 1.0 6.0 1.0 7952536.226955045 778434.7184046266 1.3397727272727271
58946.97201651 2458947.473704638 195.31599840614945 9.332539192400873 1.0 6.0 0.0 7952713.157443071 778428.551982988 1.3397727272727271
58946.973312805 2458947.475000943 197.1826632041484 11.199203990399837 1.0 6.0 1.0 7957089.385750288 778870.132588754 1.3397727272727271
58946.9746091 2458947.4762972477 199.04932800214738 13.065868788398802 1.0 6.0 0.0 7955612.547216666 778703.8276244747 1.3397727272727271
58946.9759054 2458947.477593557 200.91600000858307 14.932540794834495 1.0 6.0 1.0 7957274.576072934 778886.4907374706 1.3397727272727271
58946.977201695 2458947.4788898607 202.78266480658203 16.79920559283346 1.0 6.0 0.0 7956624.383786574 778803.095509289 1.3397727272727271
58946.97849799 2458947.480186163 204.649329604581 18.665870390832424 1.0 6.0 1.0 7956008.926059398 778763.1503069611 1.3397727272727271
58946.979794290004 2458947.4814824695 206.5160016110167 20.532542397268116 1.0 6.0 0.0 7955462.065344116 778687.151371993 1.3397727272727271
58946.981090585 2458947.48277877 208.38266640901566 22.39920719526708 1.0 6.0 1.0 7959411.457348776 779094.6348024269 1.3397727272727271
58946.98238688 2458947.48407507 210.24933120701462 24.265871993266046 1.0 6.0 0.0 7955152.28308103 778656.5523211167 1.3397727272727271
58946.983683175 2458947.4853713685 212.11599600501359 26.13253679126501 1.0 6.0 1.0 7958089.456158541 778939.1186649575 1.3397727272727271
58946.984979475004 2458947.4866676712 213.98266801144928 27.999208797700703 1.0 6.0 0.0 7957010.378149557 778831.6197877086 1.3397727272727271
58946.98627577 2458947.4879639675 215.84933280944824 29.865873595699668 1.0 6.0 1.0 7958222.863113072 778972.1629148868 1.3397727272727271
58946.987572065 2458947.4892602633 217.7159976074472 31.732538393698633 1.0 6.0 0.0 7957561.256805659 778883.4952612796 1.3397727272727271
58946.98886836 2458947.490556558 219.58266240544617 33.5992031916976 1.0 6.0 1.0 7959646.797925882 779107.065369388 1.3397727272727271
58946.990164660005 2458947.4918528567 221.44933441188186 35.46587519813329 1.0 6.0 0.0 7958816.075303286 779004.1447943426 1.3397727272727271
58946.991460955 2458947.4931491497 223.31599920988083 37.332539996132255 1.0 6.0 1.0 7961969.246058354 779329.9875150557 1.3397727272727271
58946.99275725 2458947.4944454418 225.1826640078798 39.19920479413122 1.0 6.0 0.0 7961367.998889406 779253.13638899 1.3397727272727271
58946.994053545 2458947.4957417333 227.04932880587876 41.065869592130184 1.0 6.0 1.0 7963782.592449085 779507.1348466144 1.3397727272727271
58946.995349845005 2458947.497038029 228.91600081231445 42.93254159856588 1.0 6.0 0.0 7960900.184298796 779207.7289206162 1.3397727272727271
58946.99664614 2458947.4983343193 230.78266561031342 44.79920639656484 1.0 6.0 1.0 7963297.219896318 779461.1892065473 1.3397727272727271
58946.997942435 2458947.49963061 232.64933040831238 46.665871194563806 1.0 6.0 0.0 7960405.757775195 779162.8757993446 1.3397727272727271
58946.99923873 2458947.5009268997 234.51599520631135 48.53253599256277 1.0 6.0 1.0 7963555.641364488 779487.4922939305 1.3397727272727271
58947.03290762 2458947.5345958583 282.99919680459425 1.8658656044863164 1.0 7.0 0.0 7949505.323193037 778120.8822421156 1.3397727272727271
58947.034203920004 2458947.5358921695 284.86586881102994 3.7325376109220088 1.0 7.0 1.0 7956319.311666071 778798.2352585325 1.3397727272727271
58947.035500215 2458947.5371884755 286.7325336090289 5.5992024089209735 1.0 7.0 0.0 7955147.925023596 778664.6605407285 1.3397727272727271
58947.03679651 2458947.538484782 288.59919840702787 7.465867206919938 1.0 7.0 1.0 7959660.537691337 779116.9388015297 1.3397727272727271
58947.038092805 2458947.5397810875 290.46586320502684 9.332532004918903 1.0 7.0 0.0 7957799.023307924 778916.5375713048 1.3397727272727271
58947.0393891 2458947.5410773926 292.3325280030258 11.199196802917868 1.0 7.0 1.0 7961742.887386004 779317.1842749531 1.3397727272727271
58947.0406854 2458947.542373702 294.1992000094615 13.06586880935356 1.0 7.0 0.0 7957804.821484187 778916.9629177374 1.3397727272727271
58947.041981695 2458947.5436700066 296.06586480746046 14.932533607352525 1.0 7.0 1.0 7962549.330783532 779393.2459029771 1.3397727272727271
58947.04327799 2458947.5449663093 297.9325296054594 16.79919840535149 1.0 7.0 0.0 7958777.686332994 779015.830044096 1.3397727272727271
58947.044574290005 2458947.5462626168 299.7992016118951 18.665870411787182 1.0 7.0 1.0 7963578.108928369 779492.6171721028 1.3397727272727271
58947.045870585 2458947.5475589186 301.6658664098941 20.532535209786147 1.0 7.0 0.0 7960068.3381278375 779131.7444011917 1.3397727272727271
58947.04716688 2458947.5488552195 303.53253120789304 22.39920000778511 1.0 7.0 1.0 7963116.171881571 779444.6578342089 1.3397727272727271
58947.048463175 2458947.550151519 305.399196005892 24.265864805784076 1.0 7.0 0.0 7960683.599437258 779190.347301819 1.3397727272727271
58947.049759475005 2458947.5514478222 307.2658680123277 26.13253681221977 1.0 7.0 1.0 7962519.346540028 779392.1200717166 1.3397727272727271
58947.05105577 2458947.55274412 309.13253281032667 27.999201610218734 1.0 7.0 0.0 7960517.749919122 779176.9964266324 1.3397727272727271
58947.052352065 2458947.5540404166 310.99919760832563 29.8658664082177 1.0 7.0 1.0 7964167.635158962 779545.3471523819 1.3397727272727271
58947.05364836 2458947.5553367124 312.8658624063246 31.732531206216663 1.0 7.0 0.0 7961834.362807045 779300.9511108409 1.3397727272727271
58947.054944660005 2458947.556633012 314.7325344127603 33.599203212652355 1.0 7.0 1.0 7962941.219179281 779420.7500476051 1.3397727272727271
58947.056240955004 2458947.5579293054 316.59919921075925 35.46586801065132 1.0 7.0 0.0 7960761.908364299 779190.5849367781 1.3397727272727271
58947.05753725 2458947.559225599 318.4658640087582 37.332532808650285 1.0 7.0 1.0 7963247.630417654 779451.2228763418 1.3397727272727271
58947.058833545 2458947.560521891 320.3325288067572 39.19919760664925 1.0 7.0 0.0 7959630.12179673 779087.0545213971 1.3397727272727271
58947.060129845006 2458947.5618181876 322.1992008131929 41.06586961308494 1.0 7.0 1.0 7963538.476594638 779481.2132370347 1.3397727272727271
58947.061426140004 2458947.5631144783 324.06586561119184 42.93253441108391 1.0 7.0 0.0 7961579.996259578 779274.5756123926 1.3397727272727271
58947.062722435 2458947.564410769 325.9325304091908 44.79919920908287 1.0 7.0 1.0 7963117.326547362 779444.5186807715 1.3397727272727271
58947.06401873 2458947.565707059 327.79919520718977 46.66586400708184 1.0 7.0 0.0 7960324.804161003 779153.4141133343 1.3397727272727271
58947.065315030006 2458947.567003354 329.66586721362546 48.53253601351753 1.0 7.0 1.0 7962589.790378186 779393.7633803328 1.3397727272727271
59120.318630155 2459120.8177504004 1.8658656044863164 1.8658656044863164 2.0 8.0 0.0 7898401.125561494 773228.0858344872 1.3397727272727271
59120.319926455 2459120.819046701 3.73253760044463 3.73253760044463 2.0 8.0 1.0 7921247.432145978 775435.7860680724 1.3397727272727271
59120.321222750004 2459120.8203429957 5.5992024089209735 5.5992024089209735 2.0 8.0 0.0 7922319.2570968745 775517.8291282216 1.3397727272727271
59120.322519045 2459120.82163929 7.465867206919938 7.465867206919938 2.0 8.0 1.0 7937768.484285446 777021.9305618899 1.3397727272727271
59120.32381534 2459120.822935584 9.332532004918903 9.332532004918903 2.0 8.0 0.0 7936023.590932989 776831.3751070584 1.3397727272727271
59120.32511164 2459120.824231882 11.199204000877216 11.199204000877216 2.0 8.0 1.0 7946152.940422329 777821.5025503126 1.3397727272727271
59120.326407935 2459120.8255281746 13.065868798876181 13.065868798876181 2.0 8.0 0.0 7943098.878103733 777508.6836962478 1.3397727272727271
59120.32770423 2459120.8268244658 14.932533607352525 14.932533607352525 2.0 8.0 1.0 7952799.308453199 778459.6732225704 1.3397727272727271
59120.329000525 2459120.8281207564 16.79919840535149 16.79919840535149 2.0 8.0 0.0 7948795.870154377 778055.8137607361 1.3397727272727271
59120.330296825 2459120.829417051 18.665870401309803 18.665870401309803 2.0 8.0 1.0 7956475.098020516 778814.8134705068 1.3397727272727271
59120.331593120005 2459120.830713339 20.532535209786147 20.532535209786147 2.0 8.0 0.0 7952212.892294904 778383.8951424839 1.3397727272727271
59120.332889415 2459120.832009626 22.39920000778511 22.39920000778511 2.0 8.0 1.0 7958989.058782819 779057.2356409089 1.3397727272727271
59120.334185715 2459120.833305917 24.265872003743425 24.265872003743425 2.0 8.0 0.0 7956316.768062806 778780.7689406105 1.3397727272727271
59120.33548201 2459120.8346022028 26.13253680174239 26.13253680174239 2.0 8.0 1.0 7960515.537154568 779206.1277304969 1.3397727272727271
59120.336778305 2459120.8358984864 27.999201599741355 27.999201599741355 2.0 8.0 0.0 7956652.39200222 778810.7806958169 1.3397727272727271
59120.338074600004 2459120.837194769 29.8658664082177 29.8658664082177 2.0 8.0 1.0 7961526.435865193 779300.7657610066 1.3397727272727271
59120.339370895 2459120.838491051 31.732531206216663 31.732531206216663 2.0 8.0 0.0 7957859.615415869 778928.3300687324 1.3397727272727271
59120.340667195 2459120.839787337 33.59920320217498 33.59920320217498 2.0 8.0 1.0 7963869.631633209 779528.4090918511 1.3397727272727271
59120.341963490006 2459120.841083617 35.46586801065132 35.46586801065132 2.0 8.0 0.0 7958221.224025503 778962.1329162449 1.3397727272727271
59120.343259785004 2459120.842379896 37.332532808650285 37.332532808650285 2.0 8.0 1.0 7965095.398066452 779643.9806783043 1.3397727272727271
59120.344556085 2459120.8436761796 39.1992048046086 39.1992048046086 2.0 8.0 0.0 7959899.107590664 779122.249967688 1.3397727272727271
59120.34585238 2459120.844972458 41.06586960260756 41.06586960260756 2.0 8.0 1.0 7964699.732239526 779598.7534486718 1.3397727272727271
