run/run_2021-08-21_02-00-29_L-98-59_Hubble15856_spec/extracted_sp/bins12_2021-08-24_19-02-57/speclc1.292.txt
# %ECSV 0.9
# ---
# datatype:
# - {name: t_mjd, datatype: float64}
# - {name: t_bjd, datatype: float64}
# - {name: t_visit, datatype: float64}
# - {name: t_orbit, datatype: float64}
# - {name: ivisit, datatype: float64}
# - {name: iorbit, datatype: float64}
# - {name: scan, datatype: float64}
# - {name: spec_opt, datatype: float64}
# - {name: var_opt, datatype: float64}
# - {name: wave, datatype: float64}
# schema: astropy-2.0
t_mjd t_bjd t_visit t_orbit ivisit iorbit scan spec_opt var_opt wave
[from data line 346]
59178.974870310005 2459179.4742590496 110.66586480243132 20.532535209786147 3.0 13.0 0.0 7979836.452819871 782353.4808889071 1.2920454545454545
59178.976166609995 2459179.475555375 112.53253678791225 22.39920719526708 3.0 13.0 1.0 7987208.285029415 783118.2497519035 1.2920454545454545
59178.977462905 2459179.4768516943 114.3992015963886 24.265872003743425 3.0 13.0 0.0 7981209.708662546 782485.8691642244 1.2920454545454545
59178.9787592 2459179.478148011 116.26586639438756 26.13253680174239 3.0 13.0 1.0 7985632.060626458 782964.4997343943 1.2920454545454545
59178.980055495 2459179.479444327 118.13253119238652 27.999201599741355 3.0 13.0 0.0 7978627.19085625 782238.0368842541 1.2920454545454545
59178.981351795 2459179.4807406454 119.99920319882222 29.865873606177047 3.0 13.0 1.0 7984190.2611970315 782824.1018491351 1.2920454545454545
59178.98264809 2459179.4820369575 121.86586799682118 31.73253840417601 3.0 13.0 0.0 7980890.4458290255 782452.9705314073 1.2920454545454545
59178.983944385 2459179.4833332673 123.73253279482014 33.59920320217498 3.0 13.0 1.0 7985023.888679004 782900.8562938246 1.2920454545454545
59178.985240685 2459179.4846295808 125.59920479077846 35.46587519813329 3.0 13.0 0.0 7981570.743214481 782518.9330571166 1.2920454545454545
59178.986536979995 2459179.485925888 127.46586958877742 37.332539996132255 3.0 13.0 1.0 7984721.510005214 782879.3787832792 1.2920454545454545
59178.987833275 2459179.4872221933 129.33253439725377 39.1992048046086 3.0 13.0 0.0 7980804.635575923 782445.1949937665 1.2920454545454545
59178.98912957 2459179.4885184974 131.19919919525273 41.06586960260756 3.0 13.0 1.0 7983733.4835522305 782779.8120436381 1.2920454545454545
59178.990425865 2459179.4898148007 133.0658639932517 42.93253440060653 3.0 13.0 0.0 7981371.71990803 782498.0683280282 1.2920454545454545
59178.991722164996 2459179.4911111076 134.93253598921 44.79920639656484 3.0 13.0 1.0 7983156.017040186 782726.4218979824 1.2920454545454545
59178.993018459994 2459179.4924074085 136.79920078720897 46.665871194563806 3.0 13.0 0.0 7981880.887737176 782550.3534803923 1.2920454545454545
59178.994314755 2459179.493703709 138.66586559568532 48.53253600304015 3.0 13.0 1.0 7985039.444263636 782913.73090255 1.2920454545454545
59179.028087905 2459179.527477328 187.29920159094036 1.865872791968286 3.0 14.0 0.0 7960690.459483603 780505.3351853628 1.2920454545454545
59179.029384199996 2459179.528773657 189.16586638893932 3.732537589967251 3.0 14.0 1.0 7971349.169546112 781586.4466623398 1.2920454545454545
59179.030680494994 2459179.5300699864 191.0325311869383 5.599202387966216 3.0 14.0 0.0 7968196.139103359 781229.5766370333 1.2920454545454545
59179.031976795 2459179.5313663203 192.89920319337398 7.465874394401908 3.0 14.0 1.0 7973919.79236937 781828.8280379536 1.2920454545454545
59179.03327309 2459179.532662649 194.76586799137294 9.332539192400873 3.0 14.0 0.0 7969379.824115679 781345.4412048178 1.2920454545454545
59179.034569384996 2459179.533958977 196.6325327893719 11.199203990399837 3.0 14.0 1.0 7973922.629327364 781827.9379463478 1.2920454545454545
59179.035865679994 2459179.5352553045 198.49919758737087 13.065868788398802 3.0 14.0 0.0 7970205.017116551 781423.3201576954 1.2920454545454545
59179.03716198 2459179.5365516357 200.36586959380656 14.932540794834495 3.0 14.0 1.0 7973910.460712512 781835.5549210397 1.2920454545454545
59179.038458275 2459179.537847961 202.23253439180553 16.79920559283346 3.0 14.0 0.0 7972028.3626864115 781597.9484432457 1.2920454545454545
59179.039754569996 2459179.5391442846 204.0991991898045 18.665870390832424 3.0 14.0 1.0 7975017.184410449 781939.0942009569 1.2920454545454545
59179.04105087 2459179.5404406115 205.9658711962402 20.532542397268116 3.0 14.0 0.0 7972903.127142436 781687.902019645 1.2920454545454545
59179.042347165 2459179.541736932 207.83253599423915 22.39920719526708 3.0 14.0 1.0 7976160.183777971 782052.1929948844 1.2920454545454545
59179.04364346 2459179.5430332515 209.69920079223812 24.265871993266046 3.0 14.0 0.0 7972604.79514817 781657.9585731855 1.2920454545454545
59179.044939755 2459179.5443295687 211.56586559023708 26.13253679126501 3.0 14.0 1.0 7976356.657468187 782069.1745353895 1.2920454545454545
59179.046236049995 2459179.545625884 213.43253038823605 27.999201589263976 3.0 14.0 0.0 7972110.68512438 781608.2278800819 1.2920454545454545
59179.04753235 2459179.5469222027 215.29920239467174 29.865873595699668 3.0 14.0 1.0 7974404.768566509 781886.012354084 1.2920454545454545
59179.048828645 2459179.548218515 217.1658671926707 31.732538393698633 3.0 14.0 0.0 7971265.006403361 781523.7809045179 1.2920454545454545
59179.05012494 2459179.5495148245 219.03253199066967 33.5992031916976 3.0 14.0 1.0 7975791.619359116 782016.6415204777 1.2920454545454545
59179.05142124 2459179.550811138 220.89920399710536 35.46587519813329 3.0 14.0 0.0 7972779.779092168 781672.0039653856 1.2920454545454545
59179.052717535 2459179.5521074445 222.76586879510432 37.332539996132255 3.0 14.0 1.0 7976464.700899197 782082.7009514451 1.2920454545454545
59179.05401383 2459179.5534037505 224.6325335931033 39.19920479413122 3.0 14.0 0.0 7972787.784896549 781673.973070014 1.2920454545454545
59179.055310125 2459179.554700054 226.49919839110225 41.065869592130184 3.0 14.0 1.0 7978766.512541473 782301.6164991102 1.2920454545454545
59179.056606425 2459179.555996362 228.36587039753795 42.93254159856588 3.0 14.0 0.0 7973674.23118783 781758.8113415809 1.2920454545454545
59179.05790272 2459179.557292664 230.2325351955369 44.79920639656484 3.0 14.0 1.0 7976987.928368954 782138.1065421088 1.2920454545454545
59179.059199015 2459179.5585889653 232.09919999353588 46.665871194563806 3.0 14.0 0.0 7974465.77383491 781838.6171462695 1.2920454545454545
59179.06049531 2459179.559885266 233.96586479153484 48.53253599256277 3.0 14.0 1.0 7976942.997629488 782136.0437968518 1.2920454545454545
59179.09426846 2459179.5936588855 282.59920079726726 1.865872802445665 3.0 15.0 0.0 7962980.112330313 780724.9667077269 1.2920454545454545
59179.095564755 2459179.594955215 284.4658655952662 3.73253760044463 3.0 15.0 1.0 7973337.237625117 781774.3371949318 1.2920454545454545
59179.096861055004 2459179.5962515497 286.3325376017019 5.599209606880322 3.0 15.0 0.0 7970299.0481553525 781433.0171139719 1.2920454545454545
59179.09815735 2459179.5975478785 288.1992023997009 7.465874404879287 3.0 15.0 1.0 7974908.474420786 781926.5141148571 1.2920454545454545
59179.099453645 2459179.5988442074 290.06586719769984 9.332539202878252 3.0 15.0 0.0 7973402.224835145 781731.9532756679 1.2920454545454545
59179.10074994 2459179.6001405357 291.9325319956988 11.199204000877216 3.0 15.0 1.0 7977254.64937519 782148.1162768557 1.2920454545454545
59179.102046235 2459179.6014368627 293.7991967936978 13.065868798876181 3.0 15.0 0.0 7972393.92872885 781633.8813910268 1.2920454545454545
59179.103342535 2459179.6027331944 295.66586880013347 14.932540805311874 3.0 15.0 1.0 7977425.365208176 782169.8605083517 1.2920454545454545
59179.10463883 2459179.604029519 297.53253359813243 16.79920560331084 3.0 15.0 0.0 7976239.880730495 782031.238802541 1.2920454545454545
59179.105935125 2459179.605325843 299.3991983961314 18.665870401309803 3.0 15.0 1.0 7977818.291327385 782209.236011587 1.2920454545454545
59179.107231425 2459179.6066221707 301.2658703920897 20.532542397268116 3.0 15.0 0.0 7977228.228522966 782098.571239569 1.2920454545454545
59179.10852772 2459179.607918491 303.13253520056605 22.39920720574446 3.0 15.0 1.0 7978516.921246402 782272.4694753395 1.2920454545454545
59179.109824015 2459179.6092148097 304.999199998565 24.265872003743425 3.0 15.0 0.0 7976747.527462536 782053.5723883137 1.2920454545454545
59179.11112031 2459179.6105111274 306.865864796564 26.13253680174239 3.0 15.0 1.0 7978954.834387438 782319.2744913497 1.2920454545454545
59179.112416610005 2459179.611807448 308.7325368029997 27.999208808178082 3.0 15.0 0.0 7976371.228722556 782015.9921080148 1.2920454545454545
59179.113712905004 2459179.613103761 310.59920160099864 29.865873606177047 3.0 15.0 1.0 7979265.253597716 782348.7559989421 1.2920454545454545
59179.1150092 2459179.614400073 312.4658663989976 31.73253840417601 3.0 15.0 0.0 7977254.752529647 782103.3459474954 1.2920454545454545
59179.116305495 2459179.615696383 314.33253119699657 33.59920320217498 3.0 15.0 1.0 7979381.556268686 782360.5331287564 1.2920454545454545
59179.117601795 2459179.6169926967 316.1992031929549 35.46587519813329 3.0 15.0 0.0 7978029.606549714 782175.9600231174 1.2920454545454545
59179.118898090004 2459179.618289003 318.0658680014312 37.332540006609634 3.0 15.0 1.0 7980631.2263463475 782481.0830121746 1.2920454545454545
59179.120194385 2459179.6195853082 319.9325327994302 39.1992048046086 3.0 15.0 0.0 7975327.305133732 781922.056898316 1.2920454545454545
59179.121490685 2459179.620881617 321.7992047953885 41.06587680056691 3.0 15.0 1.0 7979442.201292498 782367.4204816666 1.2920454545454545
59179.12278698 2459179.6221779203 323.66586959338747 42.93254159856588 3.0 15.0 0.0 7975167.260205509 781901.2794518291 1.2920454545454545
59179.124083275 2459179.623474222 325.53253439138643 44.79920639656484 3.0 15.0 1.0 7980836.495012092 782501.9505548379 1.2920454545454545
59179.12537957 2459179.624770523 327.3991991998628 46.665871205041185 3.0 15.0 0.0 7975274.634247582 781912.5108536198 1.2920454545454545
59179.126675865 2459179.6260668235 329.26586399786174 48.53253600304015 3.0 15.0 1.0 7982007.225530478 782620.5271557262 1.2920454545454545
59269.031274124995 2459269.53252416 1.8661391898058355 1.8661391898058355 4.0 16.0 0.0 7911663.070302912 775797.1467189047 1.2920454545454545
59269.03257042 2459269.5338204913 3.7328039982821792 3.7328039982821792 4.0 16.0 1.0 7941036.130403225 778666.7450199925 1.2920454545454545
59269.033866715006 2459269.535116822 5.599468806758523 5.599468806758523 4.0 16.0 0.0 7942834.889043555 778797.4110423885 1.2920454545454545
59269.035163010005 2459269.536413152 7.466133604757488 7.466133604757488 4.0 16.0 1.0 7958885.176836223 780381.9690104157 1.2920454545454545
59269.036459309995 2459269.5377094857 9.332805590238422 9.332805590238422 4.0 16.0 0.0 7957330.876471646 780187.5029765035 1.2920454545454545
59269.03775560499 2459269.539005813 11.199470388237387 11.199470388237387 4.0 16.0 1.0 7966614.175268569 781125.4248166503 1.2920454545454545
59269.0390519 2459269.54030214 13.06613519671373 13.06613519671373 4.0 16.0 0.0 7965400.108535348 780965.242651264 1.2920454545454545
59269.040348195005 2459269.5415984653 14.932800005190074 14.932800005190074 4.0 16.0 1.0 7973499.793757754 781787.8267121 1.2920454545454545
59269.041644494995 2459269.542894794 16.79947199067101 16.79947199067101 4.0 16.0 0.0 7970822.565750532 781486.3485029875 1.2920454545454545
59269.04294079 2459269.544191116 18.666136799147353 18.666136799147353 4.0 16.0 1.0 7976393.821467605 782062.4230690384 1.2920454545454545
59269.04423708501 2459269.545487437 20.532801607623696 20.532801607623696 4.0 16.0 0.0 7972799.033006665 781672.7171519903 1.2920454545454545
59269.045533380006 2459269.5467837555 22.39946640562266 22.39946640562266 4.0 16.0 1.0 7979354.109059783 782345.7937887504 1.2920454545454545
59269.046829679995 2459269.5480800774 24.266138391103595 24.266138391103595 4.0 16.0 0.0 7977034.410702441 782078.5735300706 1.2920454545454545
59269.048125789996 2459269.549376208 26.13253679126501 26.13253679126501 4.0 16.0 1.0 7980892.256746642 782488.9483596499 1.2920454545454545
59269.049422085 2459269.5506725213 27.999201599741355 27.999201599741355 4.0 16.0 0.0 7978126.826671495 782180.9262888343 1.2920454545454545
59269.050718385 2459269.551968838 29.865873595699668 29.865873595699668 4.0 16.0 1.0 7981880.1929768305 782583.4530982726 1.2920454545454545
59269.05201468 2459269.5532651492 31.732538393698633 31.732538393698633 4.0 16.0 0.0 7979062.364228522 782268.4660505672 1.2920454545454545
59269.053310974996 2459269.5545614576 33.5992031916976 33.5992031916976 4.0 16.0 1.0 7983819.942558548 782766.8600506006 1.2920454545454545
59269.054607269994 2459269.555857765 35.46586798969656 35.46586798969656 4.0 16.0 0.0 7981151.639054436 782465.9112880534 1.2920454545454545
59269.055903565 2459269.557154072 37.332532798172906 37.332532798172906 4.0 16.0 1.0 7984138.141041318 782797.2121294338 1.2920454545454545
59269.057199865 2459269.558450382 39.19920479413122 39.19920479413122 4.0 16.0 0.0 7981562.735986619 782506.6696224568 1.2920454545454545
59269.058496159996 2459269.559746687 41.065869592130184 41.065869592130184 4.0 16.0 1.0 7985244.684633133 782903.3475296745 1.2920454545454545
59269.059792455 2459269.5610429905 42.93253440060653 42.93253440060653 4.0 16.0 0.0 7981371.863664334 782487.954256877 1.2920454545454545
59269.061088755 2459269.562339299 44.79920639656484 44.79920639656484 4.0 16.0 1.0 7985724.209973407 782949.9415744264 1.2920454545454545
59269.06238505 2459269.5636356026 46.665871194563806 46.665871194563806 4.0 16.0 0.0 7982277.30590154 782580.3833197382 1.2920454545454545
59269.063681345 2459269.5649319054 48.53253599256277 48.53253599256277 4.0 16.0 1.0 7985212.148223006 782902.3184583536 1.2920454545454545
59269.097373565004 2459269.5986247375 97.04933280358091 1.8658656044863164 4.0 17.0 0.0 7965882.365152905 781012.1785733842 1.2920454545454545
59269.098669865 2459269.5999210733 98.91600479953922 3.73253760044463 4.0 17.0 1.0 7974881.028397809 781897.2584302956 1.2920454545454545
59269.09996616 2459269.6012174035 100.78266959753819 5.599202398443595 4.0 17.0 0.0 7975898.459703036 781974.8383570403 1.2920454545454545
59269.101262455 2459269.6025137333 102.64933439553715 7.465867196442559 4.0 17.0 1.0 7977924.978831186 782213.7696054397 1.2920454545454545
59269.102558754996 2459269.6038100673 104.51600639149547 9.332539192400873 4.0 17.0 0.0 7974587.145380598 781846.0291164739 1.2920454545454545
59269.103855049994 2459269.605106395 106.38267118949443 11.199203990399837 4.0 17.0 1.0 7981672.116535368 782571.3490514389 1.2920454545454545
59269.105151345 2459269.6064027217 108.24933599797077 13.065868798876181 4.0 17.0 0.0 7978948.159187615 782261.9170144881 1.2920454545454545
59269.10644764 2459269.607699047 110.11600079596974 14.932533596875146 4.0 17.0 1.0 7982801.036093276 782676.6135458644 1.2920454545454545
59269.107743935 2459269.6089953706 111.9826655939687 16.79919839487411 4.0 17.0 0.0 7979467.991202318 782311.8457432495 1.2920454545454545
59269.109040235 2459269.610291698 113.8493376004044 18.665870401309803 4.0 17.0 1.0 7981076.902695804 782511.7101560946 1.2920454545454545
59269.11033653 2459269.611588018 115.71600239840336 20.532535199308768 4.0 17.0 0.0 7978668.392025328 782232.5832867149 1.2920454545454545
59269.111632825 2459269.612884337 117.58266719640233 22.399199997307733 4.0 17.0 1.0 7981631.843499126 782566.0224452851 1.2920454545454545
59269.112929124996 2459269.614180659 119.44933919236064 24.265871993266046 4.0 17.0 0.0 7978778.239327717 782246.5225717743 1.2920454545454545
59269.114225419995 2459269.6154769748 121.3160039903596 26.13253679126501 4.0 17.0 1.0 7983505.618316598 782744.5098706774 1.2920454545454545
59269.115521715 2459269.616773288 123.18266879883595 27.999201599741355 4.0 17.0 0.0 7980344.604013585 782392.6441955853 1.2920454545454545
59269.11681801 2459269.6180696 125.04933359683491 29.86586639774032 4.0 17.0 1.0 7983489.547954713 782741.7937824037 1.2920454545454545
59269.11811431 2459269.619365915 126.91600559279323 31.732538393698633 4.0 17.0 0.0 7978819.447214489 782245.2982468688 1.2920454545454545
59269.119410605 2459269.6206622245 128.78267040126957 33.59920320217498 4.0 17.0 1.0 7980900.076967623 782491.0579067873 1.2920454545454545
59269.1207069 2459269.6219585324 130.64933519926853 35.46586800017394 4.0 17.0 0.0 7978673.514751345 782231.0022161022 1.2920454545454545
59269.122003195 2459269.6232548384 132.5159999972675 37.332532798172906 4.0 17.0 1.0 7982030.16616277 782596.9935911588 1.2920454545454545
