run/run_2021-08-21_02-00-29_L-98-59_Hubble15856_spec/extracted_sp/bins12_2021-08-24_19-02-57/speclc1.292.txt
# %ECSV 0.9
# ---
# datatype:
# - {name: t_mjd, datatype: float64}
# - {name: t_bjd, datatype: float64}
# - {name: t_visit, datatype: float64}
# - {name: t_orbit, datatype: float64}
# - {name: ivisit, datatype: float64}
# - {name: iorbit, datatype: float64}
# - {name: scan, datatype: float64}
# - {name: spec_opt, datatype: float64}
# - {name: var_opt, datatype: float64}
# - {name: wave, datatype: float64}
# schema: astropy-2.0
t_mjd t_bjd t_visit t_orbit ivisit iorbit scan spec_opt var_opt wave
58888.252084215 2458888.753034453 1.8658655940089375 1.8658655940089375 0.0 0.0 0.0 7854847.9525323715 770331.9022128053 1.2920454545454545
58888.253380509996 2458888.7543307883 3.7325303920079023 3.7325303920079023 0.0 0.0 1.0 7902427.662574866 774923.6539164446 1.2920454545454545
58888.25467699 2458888.755627308 5.5994615983217955 5.5994615983217955 0.0 0.0 0.0 7913121.409221599 775936.5102764455 1.2920454545454545
58888.255973105 2458888.756923462 7.465867196442559 7.465867196442559 0.0 0.0 1.0 7934428.847477659 778028.4149992015 1.2920454545454545
58888.2572694 2458888.7582197953 9.332531994441524 9.332531994441524 0.0 0.0 0.0 7937987.465911923 778322.8587210916 1.2920454545454545
58888.258565694996 2458888.7595161274 11.199196792440489 11.199196792440489 0.0 0.0 1.0 7949520.209229 779480.9111721943 1.2920454545454545
58888.259861989995 2458888.7608124586 13.065861590439454 13.065861590439454 0.0 0.0 0.0 7950408.673240001 779522.3321972196 1.2920454545454545
58888.261158285 2458888.7621087884 14.932526398915797 14.932526398915797 0.0 0.0 1.0 7958633.813803824 780324.4353864042 1.2920454545454545
58888.262454585 2458888.763405122 16.79919839487411 16.79919839487411 0.0 0.0 0.0 7958520.248109168 780297.8952300233 1.2920454545454545
58888.263750879996 2458888.7647014484 18.665863192873076 18.665863192873076 0.0 0.0 1.0 7965101.193820002 780943.6404546906 1.2920454545454545
58888.265047175 2458888.765997773 20.53252800134942 20.53252800134942 0.0 0.0 0.0 7964025.486402137 780823.1959907926 1.2920454545454545
58888.266343475 2458888.7672941014 22.399199997307733 22.399199997307733 0.0 0.0 1.0 7970559.811768262 781470.3064234479 1.2920454545454545
58888.26763977 2458888.7685904233 24.265864795306697 24.265864795306697 0.0 0.0 0.0 7967709.302952563 781178.3877452691 1.2920454545454545
58888.268936065 2458888.7698867433 26.132529593305662 26.132529593305662 0.0 0.0 1.0 7973491.763726811 781776.4065677534 1.2920454545454545
58888.270232359995 2458888.7711830614 27.999194391304627 27.999194391304627 0.0 0.0 0.0 7972152.35313963 781602.57251693 1.2920454545454545
58888.27152866 2458888.772479383 29.86586639774032 29.86586639774032 0.0 0.0 1.0 7973792.458055041 781780.4727046059 1.2920454545454545
58888.272824955 2458888.773775698 31.732531195739284 31.732531195739284 0.0 0.0 0.0 7973356.81495773 781715.0996556041 1.2920454545454545
58888.274121434995 2458888.7750721965 33.5994623915758 33.5994623915758 0.0 0.0 1.0 7975195.765159921 781940.8007400626 1.2920454545454545
58888.275417545 2458888.776368324 35.46586080221459 35.46586080221459 0.0 0.0 0.0 7972959.531218125 781680.5961165325 1.2920454545454545
58888.276713845 2458888.77766464 37.332532798172906 37.332532798172906 0.0 0.0 1.0 7975338.420156151 781928.1828692501 1.2920454545454545
58888.27801014 2458888.7789609507 39.19919759617187 39.19919759617187 0.0 0.0 0.0 7974856.856357343 781866.3589539378 1.2920454545454545
58888.279306435 2458888.78025726 41.065862394170836 41.065862394170836 0.0 0.0 1.0 7979049.050031207 782308.2617249412 1.2920454545454545
58888.280602735 2458888.7815535734 42.93253440060653 42.93253440060653 0.0 0.0 0.0 7976615.491461447 782030.031063861 1.2920454545454545
58888.28189903 2458888.782849882 44.79919919860549 44.79919919860549 0.0 0.0 1.0 7979596.131469962 782338.0629722236 1.2920454545454545
58888.283195325 2458888.78414619 46.66586399660446 46.66586399660446 0.0 0.0 0.0 7976685.10001186 782039.3034390126 1.2920454545454545
58888.28449162 2458888.7854424976 48.53252879460342 48.53252879460342 0.0 0.0 1.0 7978459.398267204 782248.608346572 1.2920454545454545
58888.318183845 2458888.8191354494 97.04933279310353 1.866132002323866 0.0 1.0 0.0 7960085.00708519 780448.9063222281 1.2920454545454545
58888.319480139995 2458888.8204317843 98.9159975911025 3.7327968003228307 0.0 1.0 1.0 7967935.49678244 781251.7502636816 1.2920454545454545
58888.320776435 2458888.821728119 100.78266239957884 5.599461608799174 0.0 1.0 0.0 7968223.894645835 781231.2276783559 1.2920454545454545
58888.322072735 2458888.8230244583 102.64933439553715 7.466133604757488 0.0 1.0 1.0 7971964.380971282 781635.6003804343 1.2920454545454545
58888.32336903 2458888.8243207913 104.51599919353612 9.332798402756453 0.0 1.0 0.0 7969796.592650475 781376.9705921251 1.2920454545454545
58888.324665325 2458888.825617124 106.38266400201246 11.199463211232796 0.0 1.0 1.0 7972130.473683077 781648.7268882841 1.2920454545454545
58888.32596162 2458888.826913455 108.24932880001143 13.066128009231761 0.0 1.0 0.0 7972497.953112249 781644.6378777302 1.2920454545454545
58888.32725773 2458888.8282095995 110.11572720017284 14.932526409393176 0.0 1.0 1.0 7973836.443509802 781814.9236639674 1.2920454545454545
58888.328554215 2458888.8295061174 111.9826655939687 16.79946480318904 0.0 1.0 0.0 7972820.7094110325 781672.8464488173 1.2920454545454545
58888.329850509996 2458888.830802444 113.84933039196767 18.666129601188004 0.0 1.0 1.0 7974692.589280167 781897.0081006138 1.2920454545454545
58888.331146805 2458888.8320987695 115.71599520044401 20.532794409664348 0.0 1.0 0.0 7974753.859128477 781856.8073262603 1.2920454545454545
58888.332443105 2458888.833395098 117.58266719640233 22.39946640562266 0.0 1.0 1.0 7976740.2014460135 782066.9731394538 1.2920454545454545
58888.3337394 2458888.8346914193 119.44933199440129 24.266131203621626 0.0 1.0 0.0 7976989.281844417 782070.8126067299 1.2920454545454545
58888.335035694996 2458888.8359877393 121.31599679240026 26.13279600162059 0.0 1.0 1.0 7977244.116841098 782136.4933696712 1.2920454545454545
58888.336331989995 2458888.837284058 123.18266159039922 27.999460799619555 0.0 1.0 0.0 7973216.469496404 781705.2285883419 1.2920454545454545
58888.337628099995 2458888.8385801897 125.04905999056064 29.86585919978097 0.0 1.0 1.0 7975317.960444309 781930.3094639215 1.2920454545454545
58888.338924585 2458888.8398766946 126.91599839483388 31.732797604054213 0.0 1.0 0.0 7976685.966082671 782038.0568700857 1.2920454545454545
58888.340220879996 2458888.841173008 128.78266319283284 33.59946240205318 0.0 1.0 1.0 7977788.842809677 782192.8073503072 1.2920454545454545
58888.341517175 2458888.842469321 130.6493280013092 35.46612721052952 0.0 1.0 0.0 7973848.658402489 781766.4382177991 1.2920454545454545
58888.34281329 2458888.8437654525 132.51573359942995 37.332532808650285 0.0 1.0 1.0 7976009.088301065 781994.9970389787 1.2920454545454545
58888.34410977 2458888.845061947 134.38266479526646 39.1994640044868 0.0 1.0 0.0 7973374.744833619 781718.9237674739 1.2920454545454545
58888.345406065 2458888.8463582564 136.24932959326543 41.066128802485764 0.0 1.0 1.0 7976489.426184617 782039.0483642634 1.2920454545454545
58888.346702359995 2458888.8476545657 138.1159943912644 42.93279360048473 0.0 1.0 0.0 7975683.683749966 781938.9178471577 1.2920454545454545
58888.34799866 2458888.8489508787 139.9826663977001 44.79946560692042 0.0 1.0 1.0 7976279.062874812 782044.6299396203 1.2920454545454545
58888.349294955 2458888.8502471866 141.84933119569905 46.666130404919386 0.0 1.0 0.0 7973640.106494672 781744.9493818833 1.2920454545454545
58888.35059125 2458888.8515434945 143.71599599369802 48.53279520291835 0.0 1.0 1.0 7977071.265969663 782121.3875824512 1.2920454545454545
58888.384294955 2458888.8852479253 192.2493312007282 1.866132002323866 0.0 2.0 0.0 7954175.800560532 779875.8178203995 1.2920454545454545
58888.38559125 2458888.8865442607 194.11599599872716 3.7327968003228307 0.0 2.0 1.0 7961023.204024946 780584.0025803035 1.2920454545454545
58888.38688736 2458888.88784041 195.98239439888857 5.599195200484246 0.0 2.0 0.0 7959474.238907011 780391.4458905809 1.2920454545454545
58888.388183845 2458888.8891369347 197.84933280316181 7.466133604757488 0.0 2.0 1.0 7965383.841277194 781004.1047897397 1.2920454545454545
58888.389479955 2458888.890433083 199.71573120332323 9.332532004918903 0.0 2.0 0.0 7963001.875950789 780729.3838866013 1.2920454545454545
58888.390776435 2458888.8917295993 201.58266239915974 11.199463200755417 0.0 2.0 1.0 7967505.187873038 781207.7094050538 1.2920454545454545
58888.392072735 2458888.8930259356 203.44933439511806 13.06613519671373 0.0 2.0 0.0 7963607.819975981 780783.5269842029 1.2920454545454545
58888.393369030004 2458888.8943222654 205.3159992035944 14.932800005190074 0.0 2.0 1.0 7966532.992703579 781112.8547772716 1.2920454545454545
58888.394665325 2458888.8956185933 207.18266400159337 16.79946480318904 0.0 2.0 0.0 7963788.32210745 780803.3687322262 1.2920454545454545
58888.39596162 2458888.89691492 209.04932879959233 18.666129601188004 0.0 2.0 1.0 7968828.84379646 781330.6911471202 1.2920454545454545
58888.397257915 2458888.898211245 210.9159935975913 20.53279439918697 0.0 2.0 0.0 7965622.683574508 780976.9508155799 1.2920454545454545
58888.398554215004 2458888.899507574 212.782665604027 22.39946640562266 0.0 2.0 1.0 7967861.612164229 781237.3551291432 1.2920454545454545
58888.39985051 2458888.900803895 214.64933040202595 24.266131203621626 0.0 2.0 0.0 7965922.906295653 781001.7794899101 1.2920454545454545
58888.401146805 2458888.902100215 216.51599520002492 26.13279600162059 0.0 2.0 1.0 7969404.640962053 781388.3947978688 1.2920454545454545
58888.402443105 2458888.9033965385 218.38266719598323 27.999467997578904 0.0 2.0 0.0 7966341.222305988 781042.1589659104 1.2920454545454545
58888.403739400004 2458888.9046928557 220.24933200445957 29.866132806055248 0.0 2.0 1.0 7967167.820984384 781169.7959566993 1.2920454545454545
58888.405035695 2458888.9059891705 222.11599680245854 31.732797604054213 0.0 2.0 0.0 7967096.664537055 781116.4535110951 1.2920454545454545
58888.40633199 2458888.9072854845 223.9826616004575 33.59946240205318 0.0 2.0 1.0 7967535.35707454 781202.6842824832 1.2920454545454545
58888.407628285 2458888.9085817966 225.84932639845647 35.46612720005214 0.0 2.0 0.0 7967602.611336382 781163.9056878267 1.2920454545454545
58888.408924585 2458888.9098781133 227.71599839441478 37.332799196010455 0.0 2.0 1.0 7967837.86465535 781231.2920626281 1.2920454545454545
58888.41022088 2458888.9111744235 229.58266320289113 39.1994640044868 0.0 2.0 0.0 7967732.076407621 781177.0421191981 1.2920454545454545
58888.411517175 2458888.912470733 231.4493280008901 41.066128802485764 0.0 2.0 1.0 7970892.770772229 781525.805871929 1.2920454545454545
58888.412813475 2458888.9137670468 233.3159999968484 42.93280079844408 0.0 2.0 0.0 7971642.870050695 781547.8344148087 1.2920454545454545
58888.414109770005 2458888.9150633556 235.18266480532475 44.79946560692042 0.0 2.0 1.0 7972791.337617514 781709.634112708 1.2920454545454545
58888.415406065 2458888.9163596635 237.0493296033237 46.666130404919386 0.0 2.0 0.0 7970938.131392819 781485.4395537131 1.2920454545454545
58888.41670236 2458888.9176559714 238.91599440132268 48.53279520291835 0.0 2.0 1.0 7973030.092345331 781729.2429709665 1.2920454545454545
58888.450417545 2458888.951371881 287.46586079592817 1.8658656044863164 0.0 3.0 0.0 7958053.267031031 780275.6716481176 1.2920454545454545
58888.451713845 2458888.952668221 289.33253280236386 3.7325376109220088 0.0 3.0 1.0 7964087.546759647 780880.993805509 1.2920454545454545
58888.45301014 2458888.9539645556 291.1991976003628 5.5992024089209735 0.0 3.0 0.0 7963432.226438716 780765.8046634434 1.2920454545454545
58888.454306435 2458888.9552608896 293.0658623983618 7.465867206919938 0.0 3.0 1.0 7967087.6042051185 781168.0054407001 1.2920454545454545
58888.455602735 2458888.9565572278 294.9325343943201 9.332539202878252 0.0 3.0 0.0 7965635.408567446 780979.6173931673 1.2920454545454545
58888.45689903 2458888.95785356 296.79919920279644 11.199204011354595 0.0 3.0 1.0 7968908.051645357 781338.6435762289 1.2920454545454545
58888.458195325 2458888.959149891 298.6658640007954 13.06586880935356 0.0 3.0 0.0 7969296.627682198 781333.1431432081 1.2920454545454545
58888.45949162 2458888.9604462204 300.5325287987944 14.932533607352525 0.0 3.0 1.0 7969310.201523347 781384.6867883479 1.2920454545454545
58888.460787915 2458888.9617425487 302.39919359679334 16.79919840535149 0.0 3.0 0.0 7967647.820635107 781173.6272714925 1.2920454545454545
58888.462084215 2458888.9630388804 304.26586560322903 18.665870411787182 0.0 3.0 1.0 7970576.160521484 781497.7124949432 1.2920454545454545
58888.46338051 2458888.964335205 306.132530401228 20.532535209786147 0.0 3.0 0.0 7970014.557820888 781395.4997555724 1.2920454545454545
58888.464676805 2458888.9656315283 307.99919519922696 22.39920000778511 0.0 3.0 1.0 7969864.63070674 781429.5205813741 1.2920454545454545
58888.465973105 2458888.9669278553 309.8658671951853 24.265872003743425 0.0 3.0 0.0 7969865.392594281 781382.02931447 1.2920454545454545
58888.467269400004 2458888.9682241757 311.7325320036616 26.13253681221977 0.0 3.0 1.0 7970464.561567888 781461.0247319159 1.2920454545454545
58888.46856588 2458888.9695206787 313.59946319949813 27.999468008056283 0.0 3.0 0.0 7969201.914655131 781317.4179329636 1.2920454545454545
58888.46986199 2458888.9708168106 315.46586159965955 29.8658664082177 0.0 3.0 1.0 7972583.870699325 781688.5802210915 1.2920454545454545
58888.471158285 2458888.972113126 317.3325263976585 31.732531206216663 0.0 3.0 0.0 7970335.194660477 781427.7695799939 1.2920454545454545
58888.472454585004 2458888.973409445 319.1991984040942 33.599203212652355 0.0 3.0 1.0 7971843.786431823 781619.5576877187 1.2920454545454545
58888.47375088 2458888.974705757 321.06586320209317 35.46586801065132 0.0 3.0 0.0 7969401.771783558 781337.8905877355 1.2920454545454545
58888.475047175 2458888.9760020687 322.93252800009213 37.332532808650285 0.0 3.0 1.0 7971395.730993116 781575.8864467519 1.2920454545454545
58888.476343475 2458888.977298384 324.79919999605045 39.1992048046086 0.0 3.0 0.0 7970130.933253098 781404.7634952312 1.2920454545454545
58888.477639770004 2458888.978594694 326.6658648045268 41.06586961308494 0.0 3.0 1.0 7969552.107501245 781396.5554819279 1.2920454545454545
58888.478936065 2458888.9798910026 328.53252960252576 42.93253441108391 0.0 3.0 0.0 7970573.107064575 781447.968296328 1.2920454545454545
58888.48023236 2458888.981187311 330.3991944005247 44.79919920908287 0.0 3.0 1.0 7971804.998276481 781613.9963456265 1.2920454545454545
58888.48152866 2458888.982483624 332.26586639648303 46.665871205041185 0.0 3.0 0.0 7969735.727718675 781368.1721201774 1.2920454545454545
58888.482824955 2458888.9837799324 334.132531194482 48.53253600304015 0.0 3.0 1.0 7970486.563252894 781487.5242779286 1.2920454545454545
58946.83767614 2458947.3393639354 1.8658656044863164 1.8658656044863164 1.0 4.0 0.0 7915951.837169792 776221.8185979745 1.2920454545454545
58946.838972435 2458947.3406602414 3.7325304024852812 3.7325304024852812 1.0 4.0 1.0 7947795.303602568 779305.0439528195 1.2920454545454545
58946.84026873 2458947.3419565475 5.599195200484246 5.599195200484246 1.0 4.0 0.0 7954717.230728369 779946.6716544183 1.2920454545454545
58946.84156503 2458947.3432528577 7.465867206919938 7.465867206919938 1.0 4.0 1.0 7967309.996779865 781180.5393740921 1.2920454545454545
58946.842861325 2458947.3445491623 9.332532004918903 9.332532004918903 1.0 4.0 0.0 7967904.147974465 781213.929427829 1.2920454545454545
58946.84415762 2458947.3458454665 11.199196802917868 11.199196802917868 1.0 4.0 1.0 7977848.642423747 782192.2882811617 1.2920454545454545
58946.84545392 2458947.3471417744 13.06586880935356 13.06586880935356 1.0 4.0 0.0 7975611.22778889 781953.2144069094 1.2920454545454545
58946.846750215 2458947.348438077 14.932533607352525 14.932533607352525 1.0 4.0 1.0 7984649.162049486 782845.83088787 1.2920454545454545
58946.84804651 2458947.3497343785 16.79919840535149 16.79919840535149 1.0 4.0 0.0 7982198.452101753 782586.3147240871 1.2920454545454545
58946.849342805 2458947.3510306785 18.665863203350455 18.665863203350455 1.0 4.0 1.0 7988468.347906309 783217.1816491168 1.2920454545454545
58946.8506391 2458947.3523269785 20.53252800134942 20.53252800134942 1.0 4.0 0.0 7986979.299246916 783040.659447071 1.2920454545454545
