run/run_2021-08-21_02-00-29_L-98-59_Hubble15856_spec/extracted_sp/bins12_2021-08-24_19-02-57/speclc1.483.txt
# %ECSV 0.9
# ---
# datatype:
# - {name: t_mjd, datatype: float64}
# - {name: t_bjd, datatype: float64}
# - {name: t_visit, datatype: float64}
# - {name: t_orbit, datatype: float64}
# - {name: ivisit, datatype: float64}
# - {name: iorbit, datatype: float64}
# - {name: scan, datatype: float64}
# - {name: spec_opt, datatype: float64}
# - {name: var_opt, datatype: float64}
# - {name: wave, datatype: float64}
# schema: astropy-2.0
t_mjd t_bjd t_visit t_orbit ivisit iorbit scan spec_opt var_opt wave
58888.252084215 2458888.753034453 1.8658655940089375 1.8658655940089375 0.0 0.0 0.0 7359110.88495428 721490.3307772878 1.4829545454545454
58888.253380509996 2458888.7543307883 3.7325303920079023 3.7325303920079023 0.0 0.0 1.0 7398758.179799081 725321.1139476082 1.4829545454545454
58888.25467699 2458888.755627308 5.5994615983217955 5.5994615983217955 0.0 0.0 0.0 7416355.778271802 726989.3855232496 1.4829545454545454
58888.255973105 2458888.756923462 7.465867196442559 7.465867196442559 0.0 0.0 1.0 7430745.818430766 728423.6919828163 1.4829545454545454
58888.2572694 2458888.7582197953 9.332531994441524 9.332531994441524 0.0 0.0 0.0 7441010.275175677 729351.7800653615 1.4829545454545454
58888.258565694996 2458888.7595161274 11.199196792440489 11.199196792440489 0.0 0.0 1.0 7447932.31299627 730072.956087021 1.4829545454545454
58888.259861989995 2458888.7608124586 13.065861590439454 13.065861590439454 0.0 0.0 0.0 7454316.673425927 730631.867688268 1.4829545454545454
58888.261158285 2458888.7621087884 14.932526398915797 14.932526398915797 0.0 0.0 1.0 7456879.5863192305 730899.6039895474 1.4829545454545454
58888.262454585 2458888.763405122 16.79919839487411 16.79919839487411 0.0 0.0 0.0 7462498.037313589 731416.0485962299 1.4829545454545454
58888.263750879996 2458888.7647014484 18.665863192873076 18.665863192873076 0.0 0.0 1.0 7460772.159235366 731272.287155033 1.4829545454545454
58888.265047175 2458888.765997773 20.53252800134942 20.53252800134942 0.0 0.0 0.0 7467736.277670139 731911.4824110708 1.4829545454545454
58888.266343475 2458888.7672941014 22.399199997307733 22.399199997307733 0.0 0.0 1.0 7465687.072688894 731741.0109330134 1.4829545454545454
58888.26763977 2458888.7685904233 24.265864795306697 24.265864795306697 0.0 0.0 0.0 7471451.747668052 732271.5322175832 1.4829545454545454
58888.268936065 2458888.7698867433 26.132529593305662 26.132529593305662 0.0 0.0 1.0 7469550.41003 732140.5852863536 1.4829545454545454
58888.270232359995 2458888.7711830614 27.999194391304627 27.999194391304627 0.0 0.0 0.0 7475141.19330469 732619.8968847671 1.4829545454545454
58888.27152866 2458888.772479383 29.86586639774032 29.86586639774032 0.0 0.0 1.0 7471881.4741460085 732339.5748695736 1.4829545454545454
58888.272824955 2458888.773775698 31.732531195739284 31.732531195739284 0.0 0.0 0.0 7475841.9916421 732685.1118328942 1.4829545454545454
58888.274121434995 2458888.7750721965 33.5994623915758 33.5994623915758 0.0 0.0 1.0 7474084.703369557 732580.4836481699 1.4829545454545454
58888.275417545 2458888.776368324 35.46586080221459 35.46586080221459 0.0 0.0 0.0 7476900.174793725 732791.4464998672 1.4829545454545454
58888.276713845 2458888.77766464 37.332532798172906 37.332532798172906 0.0 0.0 1.0 7475881.990480777 732718.563524792 1.4829545454545454
58888.27801014 2458888.7789609507 39.19919759617187 39.19919759617187 0.0 0.0 0.0 7478070.161085895 732903.4657931866 1.4829545454545454
58888.279306435 2458888.78025726 41.065862394170836 41.065862394170836 0.0 0.0 1.0 7476182.761550297 732776.7989877043 1.4829545454545454
58888.280602735 2458888.7815535734 42.93253440060653 42.93253440060653 0.0 0.0 0.0 7479591.747917576 733047.5557242191 1.4829545454545454
58888.28189903 2458888.782849882 44.79919919860549 44.79919919860549 0.0 0.0 1.0 7475945.963848571 732727.7772039019 1.4829545454545454
58888.283195325 2458888.78414619 46.66586399660446 46.66586399660446 0.0 0.0 0.0 7481983.2359820055 733276.8443361633 1.4829545454545454
58888.28449162 2458888.7854424976 48.53252879460342 48.53252879460342 0.0 0.0 1.0 7477030.68540263 732859.5871818188 1.4829545454545454
58888.318183845 2458888.8191354494 97.04933279310353 1.866132002323866 0.0 1.0 0.0 7465604.571191564 731714.1929015256 1.4829545454545454
58888.319480139995 2458888.8204317843 98.9159975911025 3.7327968003228307 0.0 1.0 1.0 7466106.543055298 731819.7387446705 1.4829545454545454
58888.320776435 2458888.821728119 100.78266239957884 5.599461608799174 0.0 1.0 0.0 7473067.234719738 732431.5630518406 1.4829545454545454
58888.322072735 2458888.8230244583 102.64933439553715 7.466133604757488 0.0 1.0 1.0 7469636.067109247 732154.1103243978 1.4829545454545454
58888.32336903 2458888.8243207913 104.51599919353612 9.332798402756453 0.0 1.0 0.0 7475856.527458538 732696.7477467029 1.4829545454545454
58888.324665325 2458888.825617124 106.38266400201246 11.199463211232796 0.0 1.0 1.0 7471900.512628981 732371.8314118312 1.4829545454545454
58888.32596162 2458888.826913455 108.24932880001143 13.066128009231761 0.0 1.0 0.0 7477814.116315519 732885.7879781652 1.4829545454545454
58888.32725773 2458888.8282095995 110.11572720017284 14.932526409393176 0.0 1.0 1.0 7473276.481388946 732504.966554712 1.4829545454545454
58888.328554215 2458888.8295061174 111.9826655939687 16.79946480318904 0.0 1.0 0.0 7476528.777488371 732761.4745306846 1.4829545454545454
58888.329850509996 2458888.830802444 113.84933039196767 18.666129601188004 0.0 1.0 1.0 7474669.061102257 732636.4437940109 1.4829545454545454
58888.331146805 2458888.8320987695 115.71599520044401 20.532794409664348 0.0 1.0 0.0 7479282.3745719185 733024.2211343503 1.4829545454545454
58888.332443105 2458888.833395098 117.58266719640233 22.39946640562266 0.0 1.0 1.0 7473154.475508057 732460.9034174128 1.4829545454545454
58888.3337394 2458888.8346914193 119.44933199440129 24.266131203621626 0.0 1.0 0.0 7477418.1161443 732843.187236384 1.4829545454545454
58888.335035694996 2458888.8359877393 121.31599679240026 26.13279600162059 0.0 1.0 1.0 7474441.6002209615 732611.4265194635 1.4829545454545454
58888.336331989995 2458888.837284058 123.18266159039922 27.999460799619555 0.0 1.0 0.0 7476957.609734073 732797.6194667028 1.4829545454545454
58888.337628099995 2458888.8385801897 125.04905999056064 29.86585919978097 0.0 1.0 1.0 7474178.381984821 732559.6065770169 1.4829545454545454
58888.338924585 2458888.8398766946 126.91599839483388 31.732797604054213 0.0 1.0 0.0 7480831.495324125 733167.348510601 1.4829545454545454
58888.340220879996 2458888.841173008 128.78266319283284 33.59946240205318 0.0 1.0 1.0 7475201.555351723 732683.0589403564 1.4829545454545454
58888.341517175 2458888.842469321 130.6493280013092 35.46612721052952 0.0 1.0 0.0 7480560.209538558 733144.4067637351 1.4829545454545454
58888.34281329 2458888.8437654525 132.51573359942995 37.332532808650285 0.0 1.0 1.0 7474674.202135003 732606.3985441419 1.4829545454545454
58888.34410977 2458888.845061947 134.38266479526646 39.1994640044868 0.0 1.0 0.0 7479060.491915389 732996.0496122058 1.4829545454545454
58888.345406065 2458888.8463582564 136.24932959326543 41.066128802485764 0.0 1.0 1.0 7473750.87880275 732516.9448304668 1.4829545454545454
58888.346702359995 2458888.8476545657 138.1159943912644 42.93279360048473 0.0 1.0 0.0 7481281.208109224 733210.4011830289 1.4829545454545454
58888.34799866 2458888.8489508787 139.9826663977001 44.79946560692042 0.0 1.0 1.0 7476059.194696676 732765.996062789 1.4829545454545454
58888.349294955 2458888.8502471866 141.84933119569905 46.666130404919386 0.0 1.0 0.0 7477868.301210996 732885.075531024 1.4829545454545454
58888.35059125 2458888.8515434945 143.71599599369802 48.53279520291835 0.0 1.0 1.0 7473947.416017327 732561.9455887406 1.4829545454545454
58888.384294955 2458888.8852479253 192.2493312007282 1.866132002323866 0.0 2.0 0.0 7460318.551044718 731201.7337166577 1.4829545454545454
58888.38559125 2458888.8865442607 194.11599599872716 3.7327968003228307 0.0 2.0 1.0 7459920.051040253 731222.4564040717 1.4829545454545454
58888.38688736 2458888.88784041 195.98239439888857 5.599195200484246 0.0 2.0 0.0 7464537.84129981 731610.5763538128 1.4829545454545454
58888.388183845 2458888.8891369347 197.84933280316181 7.466133604757488 0.0 2.0 1.0 7463387.874038507 731556.6164847715 1.4829545454545454
58888.389479955 2458888.890433083 199.71573120332323 9.332532004918903 0.0 2.0 0.0 7470526.862477915 732185.8049686791 1.4829545454545454
58888.390776435 2458888.8917295993 201.58266239915974 11.199463200755417 0.0 2.0 1.0 7464370.819018851 731650.5178564829 1.4829545454545454
58888.392072735 2458888.8930259356 203.44933439511806 13.06613519671373 0.0 2.0 0.0 7467989.408762012 731933.2079786358 1.4829545454545454
58888.393369030004 2458888.8943222654 205.3159992035944 14.932800005190074 0.0 2.0 1.0 7465956.222789186 731801.4079047246 1.4829545454545454
58888.394665325 2458888.8956185933 207.18266400159337 16.79946480318904 0.0 2.0 0.0 7469551.240671194 732091.2995630178 1.4829545454545454
58888.39596162 2458888.89691492 209.04932879959233 18.666129601188004 0.0 2.0 1.0 7466633.509961937 731865.1768173603 1.4829545454545454
58888.397257915 2458888.898211245 210.9159935975913 20.53279439918697 0.0 2.0 0.0 7471573.927606614 732278.876738345 1.4829545454545454
58888.398554215004 2458888.899507574 212.782665604027 22.39946640562266 0.0 2.0 1.0 7465480.588134129 731753.5583622013 1.4829545454545454
58888.39985051 2458888.900803895 214.64933040202595 24.266131203621626 0.0 2.0 0.0 7472220.94085736 732344.6120169493 1.4829545454545454
58888.401146805 2458888.902100215 216.51599520002492 26.13279600162059 0.0 2.0 1.0 7467230.261397165 731918.6748465276 1.4829545454545454
58888.402443105 2458888.9033965385 218.38266719598323 27.999467997578904 0.0 2.0 0.0 7471271.383231529 732248.2111349644 1.4829545454545454
58888.403739400004 2458888.9046928557 220.24933200445957 29.866132806055248 0.0 2.0 1.0 7468889.478052355 732078.9857664062 1.4829545454545454
58888.405035695 2458888.9059891705 222.11599680245854 31.732797604054213 0.0 2.0 0.0 7471159.57502143 732237.0531366072 1.4829545454545454
58888.40633199 2458888.9072854845 223.9826616004575 33.59946240205318 0.0 2.0 1.0 7468033.019698349 731991.7263651774 1.4829545454545454
58888.407628285 2458888.9085817966 225.84932639845647 35.46612720005214 0.0 2.0 0.0 7471138.6936256 732237.2544689042 1.4829545454545454
58888.408924585 2458888.9098781133 227.71599839441478 37.332799196010455 0.0 2.0 1.0 7467803.637554909 731972.5498081015 1.4829545454545454
58888.41022088 2458888.9111744235 229.58266320289113 39.1994640044868 0.0 2.0 0.0 7471979.551419297 732315.0437093202 1.4829545454545454
58888.411517175 2458888.912470733 231.4493280008901 41.066128802485764 0.0 2.0 1.0 7469403.715435952 732124.7685449148 1.4829545454545454
58888.412813475 2458888.9137670468 233.3159999968484 42.93280079844408 0.0 2.0 0.0 7477657.67955695 732853.4617189397 1.4829545454545454
58888.414109770005 2458888.9150633556 235.18266480532475 44.79946560692042 0.0 2.0 1.0 7473267.026638977 732497.4029391335 1.4829545454545454
58888.415406065 2458888.9163596635 237.0493296033237 46.666130404919386 0.0 2.0 0.0 7476646.170450409 732764.7399403894 1.4829545454545454
58888.41670236 2458888.9176559714 238.91599440132268 48.53279520291835 0.0 2.0 1.0 7471285.912323352 732303.858154046 1.4829545454545454
58888.450417545 2458888.951371881 287.46586079592817 1.8658656044863164 0.0 3.0 0.0 7463063.106814673 731494.262528257 1.4829545454545454
58888.451713845 2458888.952668221 289.33253280236386 3.7325376109220088 0.0 3.0 1.0 7464276.827408999 731643.0348739597 1.4829545454545454
58888.45301014 2458888.9539645556 291.1991976003628 5.5992024089209735 0.0 3.0 0.0 7467229.326864352 731864.6224426073 1.4829545454545454
58888.454306435 2458888.9552608896 293.0658623983618 7.465867206919938 0.0 3.0 1.0 7466042.697100476 731809.6145051348 1.4829545454545454
58888.455602735 2458888.9565572278 294.9325343943201 9.332539202878252 0.0 3.0 0.0 7470934.070846568 732221.7945104688 1.4829545454545454
58888.45689903 2458888.95785356 296.79919920279644 11.199204011354595 0.0 3.0 1.0 7466355.613371821 731839.9029441022 1.4829545454545454
58888.458195325 2458888.959149891 298.6658640007954 13.06586880935356 0.0 3.0 0.0 7470878.733790021 732214.2195348497 1.4829545454545454
58888.45949162 2458888.9604462204 300.5325287987944 14.932533607352525 0.0 3.0 1.0 7467547.522186078 731959.3214960241 1.4829545454545454
58888.460787915 2458888.9617425487 302.39919359679334 16.79919840535149 0.0 3.0 0.0 7472468.526098147 732368.6765435664 1.4829545454545454
58888.462084215 2458888.9630388804 304.26586560322903 18.665870411787182 0.0 3.0 1.0 7468614.677531927 732054.8873466613 1.4829545454545454
58888.46338051 2458888.964335205 306.132530401228 20.532535209786147 0.0 3.0 0.0 7472697.658492637 732387.2337156018 1.4829545454545454
58888.464676805 2458888.9656315283 307.99919519922696 22.39920000778511 0.0 3.0 1.0 7468535.011071018 732045.929028939 1.4829545454545454
58888.465973105 2458888.9669278553 309.8658671951853 24.265872003743425 0.0 3.0 0.0 7473790.546181141 732492.3812601249 1.4829545454545454
58888.467269400004 2458888.9682241757 311.7325320036616 26.13253681221977 0.0 3.0 1.0 7468730.596323687 732036.7509849606 1.4829545454545454
58888.46856588 2458888.9695206787 313.59946319949813 27.999468008056283 0.0 3.0 0.0 7473223.042993613 732435.603988753 1.4829545454545454
58888.46986199 2458888.9708168106 315.46586159965955 29.8658664082177 0.0 3.0 1.0 7468573.983422127 732047.9838558267 1.4829545454545454
58888.471158285 2458888.972113126 317.3325263976585 31.732531206216663 0.0 3.0 0.0 7474049.560429175 732515.9932803352 1.4829545454545454
58888.472454585004 2458888.973409445 319.1991984040942 33.599203212652355 0.0 3.0 1.0 7467682.441681694 731963.6535969261 1.4829545454545454
58888.47375088 2458888.974705757 321.06586320209317 35.46586801065132 0.0 3.0 0.0 7474134.0934192715 732523.7770858858 1.4829545454545454
58888.475047175 2458888.9760020687 322.93252800009213 37.332532808650285 0.0 3.0 1.0 7469157.289829172 732104.7510761856 1.4829545454545454
58888.476343475 2458888.977298384 324.79919999605045 39.1992048046086 0.0 3.0 0.0 7472294.9079011595 732344.3631950368 1.4829545454545454
58888.477639770004 2458888.978594694 326.6658648045268 41.06586961308494 0.0 3.0 1.0 7468113.969187712 732003.0006599883 1.4829545454545454
58888.478936065 2458888.9798910026 328.53252960252576 42.93253441108391 0.0 3.0 0.0 7473001.584779132 732413.2754045887 1.4829545454545454
58888.48023236 2458888.981187311 330.3991944005247 44.79919920908287 0.0 3.0 1.0 7468519.874146361 732039.9343640892 1.4829545454545454
58888.48152866 2458888.982483624 332.26586639648303 46.665871205041185 0.0 3.0 0.0 7474177.028067623 732526.853468876 1.4829545454545454
58888.482824955 2458888.9837799324 334.132531194482 48.53253600304015 0.0 3.0 1.0 7470056.241762771 732189.2112507415 1.4829545454545454
58946.83767614 2458947.3393639354 1.8658656044863164 1.8658656044863164 1.0 4.0 0.0 7422256.022738708 727568.9476485377 1.4829545454545454
58946.838972435 2458947.3406602414 3.7325304024852812 3.7325304024852812 1.0 4.0 1.0 7446954.879613062 729966.0495199817 1.4829545454545454
58946.84026873 2458947.3419565475 5.599195200484246 5.599195200484246 1.0 4.0 0.0 7458332.04632183 731029.0507630863 1.4829545454545454
58946.84156503 2458947.3432528577 7.465867206919938 7.465867206919938 1.0 4.0 1.0 7465572.421219112 731754.5657758703 1.4829545454545454
58946.842861325 2458947.3445491623 9.332532004918903 9.332532004918903 1.0 4.0 0.0 7473018.858344567 732438.7527512319 1.4829545454545454
58946.84415762 2458947.3458454665 11.199196802917868 11.199196802917868 1.0 4.0 1.0 7477719.964787325 732918.6961827364 1.4829545454545454
58946.84545392 2458947.3471417744 13.06586880935356 13.06586880935356 1.0 4.0 0.0 7481250.339672268 733226.0166030644 1.4829545454545454
58946.846750215 2458947.348438077 14.932533607352525 14.932533607352525 1.0 4.0 1.0 7482792.182845814 733407.0766997915 1.4829545454545454
58946.84804651 2458947.3497343785 16.79919840535149 16.79919840535149 1.0 4.0 0.0 7486898.989551828 733766.5096238592 1.4829545454545454
58946.849342805 2458947.3510306785 18.665863203350455 18.665863203350455 1.0 4.0 1.0 7485509.401880468 733668.4059807839 1.4829545454545454
58946.8506391 2458947.3523269785 20.53252800134942 20.53252800134942 1.0 4.0 0.0 7492154.759569745 734268.8617977562 1.4829545454545454
