run/run_2021-08-21_02-00-29_L-98-59_Hubble15856_spec/extracted_sp/bins12_2021-08-24_19-02-57/speclc1.340.txt
# %ECSV 0.9
# ---
# datatype:
# - {name: t_mjd, datatype: float64}
# - {name: t_bjd, datatype: float64}
# - {name: t_visit, datatype: float64}
# - {name: t_orbit, datatype: float64}
# - {name: ivisit, datatype: float64}
# - {name: iorbit, datatype: float64}
# - {name: scan, datatype: float64}
# - {name: spec_opt, datatype: float64}
# - {name: var_opt, datatype: float64}
# - {name: wave, datatype: float64}
# schema: astropy-2.0
t_mjd t_bjd t_visit t_orbit ivisit iorbit scan spec_opt var_opt wave
[from data line 346]
59178.974870310005 2459179.4742590496 110.66586480243132 20.532535209786147 3.0 13.0 0.0 7948095.942563298 777974.7086280485 1.3397727272727271
59178.976166609995 2459179.475555375 112.53253678791225 22.39920719526708 3.0 13.0 1.0 7951576.907729172 778360.9227686904 1.3397727272727271
59178.977462905 2459179.4768516943 114.3992015963886 24.265872003743425 3.0 13.0 0.0 7948076.574244992 777974.6575452253 1.3397727272727271
59178.9787592 2459179.478148011 116.26586639438756 26.13253680174239 3.0 13.0 1.0 7952588.219690351 778459.4543259897 1.3397727272727271
59178.980055495 2459179.479444327 118.13253119238652 27.999201599741355 3.0 13.0 0.0 7950404.357866559 778196.567351054 1.3397727272727271
59178.981351795 2459179.4807406454 119.99920319882222 29.865873606177047 3.0 13.0 1.0 7951118.282136847 778318.6580102692 1.3397727272727271
59178.98264809 2459179.4820369575 121.86586799682118 31.73253840417601 3.0 13.0 0.0 7950360.367241164 778192.2209358313 1.3397727272727271
59178.983944385 2459179.4833332673 123.73253279482014 33.59920320217498 3.0 13.0 1.0 7953945.680012689 778585.6435123713 1.3397727272727271
59178.985240685 2459179.4846295808 125.59920479077846 35.46587519813329 3.0 13.0 0.0 7948658.676064874 778028.3558870635 1.3397727272727271
59178.986536979995 2459179.485925888 127.46586958877742 37.332539996132255 3.0 13.0 1.0 7952511.095678973 778450.3850714783 1.3397727272727271
59178.987833275 2459179.4872221933 129.33253439725377 39.1992048046086 3.0 13.0 0.0 7947872.509301868 777954.7717656506 1.3397727272727271
59178.98912957 2459179.4885184974 131.19919919525273 41.06586960260756 3.0 13.0 1.0 7953411.854325162 778535.5564065479 1.3397727272727271
59178.990425865 2459179.4898148007 133.0658639932517 42.93253440060653 3.0 13.0 0.0 7950141.498174814 778173.4868430913 1.3397727272727271
59178.991722164996 2459179.4911111076 134.93253598921 44.79920639656484 3.0 13.0 1.0 7952487.7392094815 778446.3549319768 1.3397727272727271
59178.993018459994 2459179.4924074085 136.79920078720897 46.665871194563806 3.0 13.0 0.0 7949242.210499223 778087.5176779395 1.3397727272727271
59178.994314755 2459179.493703709 138.66586559568532 48.53253600304015 3.0 13.0 1.0 7952117.148295409 778418.9613964694 1.3397727272727271
59179.028087905 2459179.527477328 187.29920159094036 1.865872791968286 3.0 14.0 0.0 7930638.027921184 776291.8468940656 1.3397727272727271
59179.029384199996 2459179.528773657 189.16586638893932 3.732537589967251 3.0 14.0 1.0 7937591.599764875 777011.6839019997 1.3397727272727271
59179.030680494994 2459179.5300699864 191.0325311869383 5.599202387966216 3.0 14.0 0.0 7934156.035341805 776633.2805842225 1.3397727272727271
59179.031976795 2459179.5313663203 192.89920319337398 7.465874394401908 3.0 14.0 1.0 7940415.385757943 777282.3659086223 1.3397727272727271
59179.03327309 2459179.532662649 194.76586799137294 9.332539192400873 3.0 14.0 0.0 7936491.088566958 776858.4049127261 1.3397727272727271
59179.034569384996 2459179.533958977 196.6325327893719 11.199203990399837 3.0 14.0 1.0 7942058.745817921 777439.63207633 1.3397727272727271
59179.035865679994 2459179.5352553045 198.49919758737087 13.065868788398802 3.0 14.0 0.0 7938576.600540769 777059.2424889385 1.3397727272727271
59179.03716198 2459179.5365516357 200.36586959380656 14.932540794834495 3.0 14.0 1.0 7944230.195880067 777650.0982762033 1.3397727272727271
59179.038458275 2459179.537847961 202.23253439180553 16.79920559283346 3.0 14.0 0.0 7939552.959018244 777151.0934243358 1.3397727272727271
59179.039754569996 2459179.5391442846 204.0991991898045 18.665870390832424 3.0 14.0 1.0 7944392.304131844 777668.8348126259 1.3397727272727271
59179.04105087 2459179.5404406115 205.9658711962402 20.532542397268116 3.0 14.0 0.0 7940742.1870052265 777271.6959770599 1.3397727272727271
59179.042347165 2459179.541736932 207.83253599423915 22.39920719526708 3.0 14.0 1.0 7944671.551043627 777696.8832107662 1.3397727272727271
59179.04364346 2459179.5430332515 209.69920079223812 24.265871993266046 3.0 14.0 0.0 7940813.776177499 777274.3816976566 1.3397727272727271
59179.044939755 2459179.5443295687 211.56586559023708 26.13253679126501 3.0 14.0 1.0 7944202.222098988 777649.5592407499 1.3397727272727271
59179.046236049995 2459179.545625884 213.43253038823605 27.999201589263976 3.0 14.0 0.0 7940864.877230784 777280.5825293154 1.3397727272727271
59179.04753235 2459179.5469222027 215.29920239467174 29.865873595699668 3.0 14.0 1.0 7945187.12638075 777745.7803436243 1.3397727272727271
59179.048828645 2459179.548218515 217.1658671926707 31.732538393698633 3.0 14.0 0.0 7941347.271832409 777324.9934511727 1.3397727272727271
59179.05012494 2459179.5495148245 219.03253199066967 33.5992031916976 3.0 14.0 1.0 7943785.751450222 777610.8452376544 1.3397727272727271
59179.05142124 2459179.550811138 220.89920399710536 35.46587519813329 3.0 14.0 0.0 7943108.6072794655 777494.2424421168 1.3397727272727271
59179.052717535 2459179.5521074445 222.76586879510432 37.332539996132255 3.0 14.0 1.0 7945000.06983348 777728.1280157248 1.3397727272727271
59179.05401383 2459179.5534037505 224.6325335931033 39.19920479413122 3.0 14.0 0.0 7942789.9874760015 777465.5410782383 1.3397727272727271
59179.055310125 2459179.554700054 226.49919839110225 41.065869592130184 3.0 14.0 1.0 7946019.819438239 777768.5031367098 1.3397727272727271
59179.056606425 2459179.555996362 228.36587039753795 42.93254159856588 3.0 14.0 0.0 7941931.419520569 777384.0814233909 1.3397727272727271
59179.05790272 2459179.557292664 230.2325351955369 44.79920639656484 3.0 14.0 1.0 7945070.387693443 777737.8116923403 1.3397727272727271
59179.059199015 2459179.5585889653 232.09919999353588 46.665871194563806 3.0 14.0 0.0 7941391.079048498 777332.8591385641 1.3397727272727271
59179.06049531 2459179.559885266 233.96586479153484 48.53253599256277 3.0 14.0 1.0 7944575.595960618 777695.1065129063 1.3397727272727271
59179.09426846 2459179.5936588855 282.59920079726726 1.865872802445665 3.0 15.0 0.0 7930225.62948864 776251.2286828455 1.3397727272727271
59179.095564755 2459179.594955215 284.4658655952662 3.73253760044463 3.0 15.0 1.0 7941534.001318598 777389.2432263895 1.3397727272727271
59179.096861055004 2459179.5962515497 286.3325376017019 5.599209606880322 3.0 15.0 0.0 7937725.81296598 776975.7944553387 1.3397727272727271
59179.09815735 2459179.5975478785 288.1992023997009 7.465874404879287 3.0 15.0 1.0 7942467.365955816 777478.6336265204 1.3397727272727271
59179.099453645 2459179.5988442074 290.06586719769984 9.332539202878252 3.0 15.0 0.0 7940493.867661323 777242.1996576363 1.3397727272727271
59179.10074994 2459179.6001405357 291.9325319956988 11.199204000877216 3.0 15.0 1.0 7945738.562445503 777792.5223554769 1.3397727272727271
59179.102046235 2459179.6014368627 293.7991967936978 13.065868798876181 3.0 15.0 0.0 7940551.56972833 777246.4882868775 1.3397727272727271
59179.103342535 2459179.6027331944 295.66586880013347 14.932540805311874 3.0 15.0 1.0 7947799.04835085 777994.3085905915 1.3397727272727271
59179.10463883 2459179.604029519 297.53253359813243 16.79920560331084 3.0 15.0 0.0 7942689.750840905 777481.889719064 1.3397727272727271
59179.105935125 2459179.605325843 299.3991983961314 18.665870401309803 3.0 15.0 1.0 7946465.654032241 777869.1960778586 1.3397727272727271
59179.107231425 2459179.6066221707 301.2658703920897 20.532542397268116 3.0 15.0 0.0 7943306.331026206 777510.9986596893 1.3397727272727271
59179.10852772 2459179.607918491 303.13253520056605 22.39920720574446 3.0 15.0 1.0 7947029.677443778 777922.4193879449 1.3397727272727271
59179.109824015 2459179.6092148097 304.999199998565 24.265872003743425 3.0 15.0 0.0 7944944.099019474 777670.2172433317 1.3397727272727271
59179.11112031 2459179.6105111274 306.865864796564 26.13253680174239 3.0 15.0 1.0 7947323.303799348 777949.6112136602 1.3397727272727271
59179.112416610005 2459179.611807448 308.7325368029997 27.999208808178082 3.0 15.0 0.0 7942807.210458199 777463.0796207543 1.3397727272727271
59179.113712905004 2459179.613103761 310.59920160099864 29.865873606177047 3.0 15.0 1.0 7946743.968336448 777895.1893652672 1.3397727272727271
59179.1150092 2459179.614400073 312.4658663989976 31.73253840417601 3.0 15.0 0.0 7945305.231861008 777704.1630420128 1.3397727272727271
59179.116305495 2459179.615696383 314.33253119699657 33.59920320217498 3.0 15.0 1.0 7946714.228798906 777893.5580648583 1.3397727272727271
59179.117601795 2459179.6169926967 316.1992031929549 35.46587519813329 3.0 15.0 0.0 7943740.77913464 777552.3424318742 1.3397727272727271
59179.118898090004 2459179.618289003 318.0658680014312 37.332540006609634 3.0 15.0 1.0 7949244.804142219 778140.9759014682 1.3397727272727271
59179.120194385 2459179.6195853082 319.9325327994302 39.1992048046086 3.0 15.0 0.0 7945414.67151221 777717.1158832564 1.3397727272727271
59179.121490685 2459179.620881617 321.7992047953885 41.06587680056691 3.0 15.0 1.0 7948634.811336224 778078.7645035423 1.3397727272727271
59179.12278698 2459179.6221779203 323.66586959338747 42.93254159856588 3.0 15.0 0.0 7945237.799125012 777698.6154878725 1.3397727272727271
59179.124083275 2459179.623474222 325.53253439138643 44.79920639656484 3.0 15.0 1.0 7949346.79736951 778147.6534086544 1.3397727272727271
59179.12537957 2459179.624770523 327.3991991998628 46.665871205041185 3.0 15.0 0.0 7945501.596812272 777727.5606302844 1.3397727272727271
59179.126675865 2459179.6260668235 329.26586399786174 48.53253600304015 3.0 15.0 1.0 7947134.516752737 777940.6722574377 1.3397727272727271
59269.031274124995 2459269.53252416 1.8661391898058355 1.8661391898058355 4.0 16.0 0.0 7874727.841829332 770931.9189128561 1.3397727272727271
59269.03257042 2459269.5338204913 3.7328039982821792 3.7328039982821792 4.0 16.0 1.0 7905339.7198254205 773911.8470047781 1.3397727272727271
59269.033866715006 2459269.535116822 5.599468806758523 5.599468806758523 4.0 16.0 0.0 7910189.991309041 774339.8287284904 1.3397727272727271
59269.035163010005 2459269.536413152 7.466133604757488 7.466133604757488 4.0 16.0 1.0 7925884.759916311 775883.9479325853 1.3397727272727271
59269.036459309995 2459269.5377094857 9.332805590238422 9.332805590238422 4.0 16.0 0.0 7926212.714441198 775874.7091327037 1.3397727272727271
59269.03775560499 2459269.539005813 11.199470388237387 11.199470388237387 4.0 16.0 1.0 7937212.642074714 776972.7889827654 1.3397727272727271
59269.0390519 2459269.54030214 13.06613519671373 13.06613519671373 4.0 16.0 0.0 7932761.528376948 776505.4250698554 1.3397727272727271
59269.040348195005 2459269.5415984653 14.932800005190074 14.932800005190074 4.0 16.0 1.0 7942937.386354704 777519.6552849953 1.3397727272727271
59269.041644494995 2459269.542894794 16.79947199067101 16.79947199067101 4.0 16.0 0.0 7941276.609815091 777321.6175557446 1.3397727272727271
59269.04294079 2459269.544191116 18.666136799147353 18.666136799147353 4.0 16.0 1.0 7949087.193860192 778109.6580955052 1.3397727272727271
59269.04423708501 2459269.545487437 20.532801607623696 20.532801607623696 4.0 16.0 0.0 7945394.654802927 777711.2272437364 1.3397727272727271
59269.045533380006 2459269.5467837555 22.39946640562266 22.39946640562266 4.0 16.0 1.0 7950227.89122034 778216.9493097195 1.3397727272727271
59269.046829679995 2459269.5480800774 24.266138391103595 24.266138391103595 4.0 16.0 0.0 7947650.538252641 777928.4316738478 1.3397727272727271
59269.048125789996 2459269.549376208 26.13253679126501 26.13253679126501 4.0 16.0 1.0 7951779.085832778 778360.5962386263 1.3397727272727271
59269.049422085 2459269.5506725213 27.999201599741355 27.999201599741355 4.0 16.0 0.0 7949713.40064137 778120.2609140712 1.3397727272727271
59269.050718385 2459269.551968838 29.865873595699668 29.865873595699668 4.0 16.0 1.0 7953240.947318658 778500.2382835555 1.3397727272727271
59269.05201468 2459269.5532651492 31.732538393698633 31.732538393698633 4.0 16.0 0.0 7950538.263429657 778202.6892086221 1.3397727272727271
59269.053310974996 2459269.5545614576 33.5992031916976 33.5992031916976 4.0 16.0 1.0 7954103.249733459 778584.2883804222 1.3397727272727271
59269.054607269994 2459269.555857765 35.46586798969656 35.46586798969656 4.0 16.0 0.0 7951457.217003856 778286.036320281 1.3397727272727271
59269.055903565 2459269.557154072 37.332532798172906 37.332532798172906 4.0 16.0 1.0 7956553.721607414 778816.8846052687 1.3397727272727271
59269.057199865 2459269.558450382 39.19920479413122 39.19920479413122 4.0 16.0 0.0 7952811.573476194 778417.2856370857 1.3397727272727271
59269.058496159996 2459269.559746687 41.065869592130184 41.065869592130184 4.0 16.0 1.0 7955272.785615121 778693.7963054235 1.3397727272727271
59269.059792455 2459269.5610429905 42.93253440060653 42.93253440060653 4.0 16.0 0.0 7954311.1741458345 778559.3268893018 1.3397727272727271
59269.061088755 2459269.562339299 44.79920639656484 44.79920639656484 4.0 16.0 1.0 7956804.133580556 778840.8373616409 1.3397727272727271
59269.06238505 2459269.5636356026 46.665871194563806 46.665871194563806 4.0 16.0 0.0 7952887.498647501 778426.3624530323 1.3397727272727271
59269.063681345 2459269.5649319054 48.53253599256277 48.53253599256277 4.0 16.0 1.0 7954737.707585638 778643.978661111 1.3397727272727271
59269.097373565004 2459269.5986247375 97.04933280358091 1.8658656044863164 4.0 17.0 0.0 7939466.313143807 777149.2326934554 1.3397727272727271
59269.098669865 2459269.5999210733 98.91600479953922 3.73253760044463 4.0 17.0 1.0 7948517.044057441 778036.887273877 1.3397727272727271
59269.09996616 2459269.6012174035 100.78266959753819 5.599202398443595 4.0 17.0 0.0 7943753.467034477 777559.5572638084 1.3397727272727271
59269.101262455 2459269.6025137333 102.64933439553715 7.465867196442559 4.0 17.0 1.0 7950614.965070215 778259.8039479058 1.3397727272727271
59269.102558754996 2459269.6038100673 104.51600639149547 9.332539192400873 4.0 17.0 0.0 7947554.183953376 777921.5722076659 1.3397727272727271
59269.103855049994 2459269.605106395 106.38267118949443 11.199203990399837 4.0 17.0 1.0 7953451.511499188 778525.576351624 1.3397727272727271
59269.105151345 2459269.6064027217 108.24933599797077 13.065868798876181 4.0 17.0 0.0 7949734.006820949 778129.1520867288 1.3397727272727271
59269.10644764 2459269.607699047 110.11600079596974 14.932533596875146 4.0 17.0 1.0 7953571.8956892565 778540.024048697 1.3397727272727271
59269.107743935 2459269.6089953706 111.9826655939687 16.79919839487411 4.0 17.0 0.0 7951705.872957037 778315.7639695953 1.3397727272727271
59269.109040235 2459269.610291698 113.8493376004044 18.665870401309803 4.0 17.0 1.0 7955044.895868468 778678.712422138 1.3397727272727271
59269.11033653 2459269.611588018 115.71600239840336 20.532535199308768 4.0 17.0 0.0 7952054.394094978 778347.5108560247 1.3397727272727271
59269.111632825 2459269.612884337 117.58266719640233 22.399199997307733 4.0 17.0 1.0 7954800.75143623 778657.859967551 1.3397727272727271
59269.112929124996 2459269.614180659 119.44933919236064 24.265871993266046 4.0 17.0 0.0 7950890.062024964 778238.6804727832 1.3397727272727271
59269.114225419995 2459269.6154769748 121.3160039903596 26.13253679126501 4.0 17.0 1.0 7957224.752353315 778886.8419841947 1.3397727272727271
59269.115521715 2459269.616773288 123.18266879883595 27.999201599741355 4.0 17.0 0.0 7950621.082319371 778208.7570250441 1.3397727272727271
59269.11681801 2459269.6180696 125.04933359683491 29.86586639774032 4.0 17.0 1.0 7955030.741226518 778675.6797141741 1.3397727272727271
59269.11811431 2459269.619365915 126.91600559279323 31.732538393698633 4.0 17.0 0.0 7953047.595562186 778440.7312890487 1.3397727272727271
59269.119410605 2459269.6206622245 128.78267040126957 33.59920320217498 4.0 17.0 1.0 7954184.434818748 778591.0839434023 1.3397727272727271
59269.1207069 2459269.6219585324 130.64933519926853 35.46586800017394 4.0 17.0 0.0 7952643.1818756405 778399.9662624006 1.3397727272727271
59269.122003195 2459269.6232548384 132.5159999972675 37.332532798172906 4.0 17.0 1.0 7956299.269958244 778790.8994702718 1.3397727272727271
