run/run_2021-08-21_02-00-29_L-98-59_Hubble15856_spec/extracted_sp/bins12_2021-08-24_19-02-57/speclc1.292.txt
# %ECSV 0.9
# ---
# datatype:
# - {name: t_mjd, datatype: float64}
# - {name: t_bjd, datatype: float64}
# - {name: t_visit, datatype: float64}
# - {name: t_orbit, datatype: float64}
# - {name: ivisit, datatype: float64}
# - {name: iorbit, datatype: float64}
# - {name: scan, datatype: float64}
# - {name: spec_opt, datatype: float64}
# - {name: var_opt, datatype: float64}
# - {name: wave, datatype: float64}
# schema: astropy-2.0
t_mjd t_bjd t_visit t_orbit ivisit iorbit scan spec_opt var_opt wave
[from data line 461]
59269.124595789996 2459269.6258474537 136.24933679122478 41.065869592130184 4.0 17.0 1.0 7981710.7444427265 782568.1636349886 1.2920454545454545
59269.125892085 2459269.627143758 138.11600159970112 42.93253440060653 4.0 17.0 0.0 7980912.47502803 782442.9467624516 1.2920454545454545
59269.127188385 2459269.6284400662 139.98267359565943 44.79920639656484 4.0 17.0 1.0 7982205.198438456 782611.8281396115 1.2920454545454545
59269.12848468 2459269.6297363695 141.8493383936584 46.665871194563806 4.0 17.0 0.0 7980246.271736438 782381.5268516951 1.2920454545454545
59269.129780974996 2459269.6310326727 143.71600319165736 48.53253599256277 4.0 17.0 1.0 7983299.231986613 782721.3134521086 1.2920454545454545
59269.163473010005 2459269.664725318 192.23253360483795 1.8658656044863164 4.0 18.0 0.0 7959785.42348501 780426.1700676836 1.2920454545454545
59269.164769309995 2459269.666021654 194.0992055903189 3.732537589967251 4.0 18.0 1.0 7967121.051912153 781129.5830821225 1.2920454545454545
59269.16606560499 2459269.667317984 195.96587038831785 5.599202387966216 4.0 18.0 0.0 7965966.813484636 781021.9324328272 1.2920454545454545
59269.1673619 2459269.668614314 197.8325351967942 7.465867196442559 4.0 18.0 1.0 7970082.8005453665 781439.9212339217 1.2920454545454545
59269.168658195005 2459269.669910643 199.69920000527054 9.332532004918903 4.0 18.0 0.0 7969185.820462927 781329.6047899112 1.2920454545454545
59269.169954494995 2459269.6712069754 201.56587199075148 11.199203990399837 4.0 18.0 1.0 7972806.1422959985 781697.4800869619 1.2920454545454545
59269.17125079 2459269.672503302 203.43253679922782 13.065868798876181 4.0 18.0 0.0 7969287.127026639 781334.4683590325 1.2920454545454545
59269.17254708501 2459269.6737996275 205.29920160770416 14.932533607352525 4.0 18.0 1.0 7971146.032920954 781554.6108836927 1.2920454545454545
59269.173843380006 2459269.6750959507 207.16586640570313 16.79919840535149 4.0 18.0 0.0 7971403.354957508 781534.9634630106 1.2920454545454545
59269.175139679995 2459269.676392278 209.03253839118406 18.665870390832424 4.0 18.0 1.0 7974003.99696644 781812.8317418188 1.2920454545454545
59269.176435974994 2459269.677688598 210.89920318918303 20.53253518883139 4.0 18.0 0.0 7972065.875340418 781605.1242686666 1.2920454545454545
59269.17773227 2459269.6789849172 212.76586799765937 22.399199997307733 4.0 18.0 1.0 7973458.587535824 781756.0481245666 1.2920454545454545
59269.17902857 2459269.6802812396 214.63253999361768 24.265871993266046 4.0 18.0 0.0 7972180.631701162 781610.9031328548 1.2920454545454545
59269.180324864996 2459269.681577555 216.49920479161665 26.13253679126501 4.0 18.0 1.0 7974961.083302137 781941.9221328996 1.2920454545454545
59269.181621159994 2459269.6828738684 218.3658695896156 27.999201589263976 4.0 18.0 0.0 7971119.345645027 781505.4143875263 1.2920454545454545
59269.18291745499 2459269.6841701805 220.23253438761458 29.86586638726294 4.0 18.0 1.0 7975357.596174477 781975.9151096869 1.2920454545454545
59269.18421375 2459269.685466491 222.09919919609092 31.732531195739284 4.0 18.0 0.0 7970706.638617908 781463.543281607 1.2920454545454545
59269.185510049996 2459269.686762805 223.96587119204924 33.5992031916976 4.0 18.0 1.0 7974621.061872877 781844.1207407995 1.2920454545454545
59269.186806344995 2459269.6880591125 225.8325359900482 35.46586798969656 4.0 18.0 0.0 7972422.080389977 781630.1903886914 1.2920454545454545
59269.18810264 2459269.6893554195 227.69920079852454 37.332532798172906 4.0 18.0 1.0 7978463.162760371 782253.362243058 1.2920454545454545
59269.18939894 2459269.6906517297 229.56587279448286 39.19920479413122 4.0 18.0 0.0 7977370.116915494 782102.0096523925 1.2920454545454545
59269.190695235 2459269.6919480343 231.43253759248182 41.065869592130184 4.0 18.0 1.0 7979675.510730281 782372.5721390216 1.2920454545454545
59269.191991529995 2459269.6932443385 233.2992023904808 42.93253439012915 4.0 18.0 0.0 7977760.931972969 782142.3253863394 1.2920454545454545
59269.19328782499 2459269.694540642 235.16586718847975 44.799199188128114 4.0 18.0 1.0 7980303.243153546 782427.5615386368 1.2920454545454545
59269.194584125 2459269.6958369506 237.03253919491544 46.665871194563806 4.0 18.0 0.0 7977050.968700314 782075.2451015959 1.2920454545454545
59269.19588042 2459269.697133254 238.8992039929144 48.53253599256277 4.0 18.0 1.0 7981015.644516597 782497.8921241962 1.2920454545454545
59269.229584125 2459269.7308375677 287.4325391999446 1.865872802445665 4.0 19.0 0.0 7960869.681682411 780527.9211943141 1.2920454545454545
59269.23088042 2459269.732133899 289.29920399794355 3.73253760044463 4.0 19.0 1.0 7969247.728669775 781359.4311961326 1.2920454545454545
59269.232176715 2459269.7334302287 291.1658687959425 5.599202398443595 4.0 19.0 0.0 7968502.668789488 781261.805616243 1.2920454545454545
59269.23347301 2459269.7347265584 293.0325335939415 7.465867196442559 4.0 19.0 1.0 7972520.49163811 781673.0728510445 1.2920454545454545
59269.23476931 2459269.736022892 294.8992056003772 9.332539202878252 4.0 19.0 0.0 7970737.809226518 781467.1576976748 1.2920454545454545
59269.236065605 2459269.73731922 296.76587039837614 11.199204000877216 4.0 19.0 1.0 7975934.438285546 782022.3446211967 1.2920454545454545
59269.2373619 2459269.7386155464 298.6325351963751 13.065868798876181 4.0 19.0 0.0 7973030.561803325 781695.7194851176 1.2920454545454545
59269.238658195 2459269.7399118715 300.49919999437407 14.932533596875146 4.0 19.0 1.0 7974392.456288913 781829.2456199169 1.2920454545454545
59269.239954495 2459269.7412082 302.36587200080976 16.79920560331084 4.0 19.0 0.0 7974958.577381526 781877.9627981497 1.2920454545454545
59269.24125079 2459269.742504522 304.2325367988087 18.665870401309803 4.0 19.0 1.0 7976675.77196644 782067.8794013945 1.2920454545454545
59269.242547085 2459269.7438008427 306.0992015968077 20.532535199308768 4.0 19.0 0.0 7974021.30523723 781787.7736484507 1.2920454545454545
59269.24384338 2459269.7450971613 307.96586639480665 22.399199997307733 4.0 19.0 1.0 7977421.794152158 782138.4572079928 1.2920454545454545
59269.24513968 2459269.7463934836 309.83253840124235 24.265872003743425 4.0 19.0 0.0 7976126.184886943 781986.2997797278 1.2920454545454545
59269.246435975 2459269.747689799 311.6992031992413 26.13253680174239 4.0 19.0 1.0 7977649.006435371 782182.1736836634 1.2920454545454545
59269.24773227 2459269.748986113 313.5658679972403 27.999201599741355 4.0 19.0 0.0 7974231.080337474 781802.637897516 1.2920454545454545
59269.249028570004 2459269.7502824296 315.43254000367597 29.865873606177047 4.0 19.0 1.0 7977679.828413193 782159.3459251546 1.2920454545454545
59269.250324865 2459269.7515787403 317.29920480167493 31.73253840417601 4.0 19.0 0.0 7973957.642973943 781778.0665084535 1.2920454545454545
59269.25162116 2459269.7528750496 319.1658695996739 33.59920320217498 4.0 19.0 1.0 7978717.7714520665 782259.7831782048 1.2920454545454545
59269.252917455 2459269.754171357 321.03253439767286 35.46586800017394 4.0 19.0 0.0 7973581.180901535 781738.6031095686 1.2920454545454545
59269.25421375 2459269.7554676635 322.8991991956718 37.332532798172906 4.0 19.0 1.0 7976352.927619656 782030.4882351942 1.2920454545454545
59269.25551005 2459269.756763974 324.7658712021075 39.1992048046086 4.0 19.0 0.0 7975720.108440159 781940.4295584833 1.2920454545454545
59269.256806345 2459269.7580602793 326.6325360001065 41.06586960260756 4.0 19.0 1.0 7977725.316296288 782164.7820325729 1.2920454545454545
59269.25810264 2459269.759356583 328.49920079810545 42.93253440060653 4.0 19.0 0.0 7974257.941163661 781803.1672973112 1.2920454545454545
59269.259398940005 2459269.760652892 330.36587280454114 44.79920640704222 4.0 19.0 1.0 7975749.083244673 781971.0137280801 1.2920454545454545
59269.260695235 2459269.761949195 332.2325376025401 46.665871205041185 4.0 19.0 0.0 7974519.186388172 781828.5065587586 1.2920454545454545
59269.26199153 2459269.7632454988 334.09920240053907 48.53253600304015 4.0 19.0 1.0 7977457.664112104 782137.2426495906 1.2920454545454545
