run/run_2021-08-21_02-00-29_L-98-59_Hubble15856_spec/extracted_sp/bins12_2021-08-24_19-02-57/speclc1.197.txt
# %ECSV 0.9
# ---
# datatype:
# - {name: t_mjd, datatype: float64}
# - {name: t_bjd, datatype: float64}
# - {name: t_visit, datatype: float64}
# - {name: t_orbit, datatype: float64}
# - {name: ivisit, datatype: float64}
# - {name: iorbit, datatype: float64}
# - {name: scan, datatype: float64}
# - {name: spec_opt, datatype: float64}
# - {name: var_opt, datatype: float64}
# - {name: wave, datatype: float64}
# schema: astropy-2.0
t_mjd t_bjd t_visit t_orbit ivisit iorbit scan spec_opt var_opt wave
[from data line 117]
58946.85452799 2458947.356215875 26.13252960378304 26.13252960378304 1.0 4.0 1.0 7060381.563655828 693917.2636377254 1.196590909090909
58946.85582429 2458947.3575121756 27.999201610218734 27.999201610218734 1.0 4.0 0.0 7057835.109995827 693655.8038212872 1.196590909090909
58946.857120585 2458947.35880847 29.8658664082177 29.8658664082177 1.0 4.0 1.0 7061800.189560225 694044.715797222 1.196590909090909
58946.85841688 2458947.3601047634 31.732531206216663 31.732531206216663 1.0 4.0 0.0 7059905.015685857 693852.4941798743 1.196590909090909
58946.859713175 2458947.361401056 33.59919600421563 33.59919600421563 1.0 4.0 1.0 7061703.551135025 694054.1489556014 1.196590909090909
58946.861009475004 2458947.3626973527 35.46586801065132 35.46586801065132 1.0 4.0 0.0 7060223.9391508065 693888.6999114683 1.196590909090909
58946.86230577 2458947.3639936442 37.332532808650285 37.332532808650285 1.0 4.0 1.0 7062160.906099618 694096.9797710819 1.196590909090909
58946.863602065 2458947.3652899344 39.19919760664925 39.19919760664925 1.0 4.0 0.0 7060501.764383626 693908.5727755956 1.196590909090909
58946.86489836 2458947.3665862246 41.065862404648215 41.065862404648215 1.0 4.0 1.0 7063098.388382293 694182.1159560698 1.196590909090909
58946.866194660004 2458947.3678825195 42.93253441108391 42.93253441108391 1.0 4.0 0.0 7060196.991040379 693875.5287865545 1.196590909090909
58946.867490955 2458947.3691788097 44.79919920908287 44.79919920908287 1.0 4.0 1.0 7063714.61563984 694237.0639687513 1.196590909090909
58946.86878725 2458947.370475099 46.66586400708184 46.66586400708184 1.0 4.0 0.0 7063463.093036994 694192.2393298085 1.196590909090909
58946.870083545 2458947.3717713887 48.5325288050808 48.5325288050808 1.0 4.0 1.0 7063553.2458519135 694221.4527081848 1.196590909090909
58946.900754845 2458947.4024427715 92.69920080900192 1.8658656044863164 1.0 5.0 0.0 7048411.266612438 692750.664839425 1.196590909090909
58946.90205114 2458947.4037390784 94.56586560700089 3.7325304024852812 1.0 5.0 1.0 7057803.630937949 693685.2088642581 1.196590909090909
58946.903347435 2458947.4050353845 96.43253040499985 5.599195200484246 1.0 5.0 0.0 7055519.673418423 693442.852186406 1.196590909090909
58946.904643735004 2458947.4063316956 98.29920241143554 7.465867206919938 1.0 5.0 1.0 7058919.52751199 693793.2397795864 1.196590909090909
58946.90594003 2458947.4076280016 100.16586720943451 9.332532004918903 1.0 5.0 0.0 7057813.093956423 693659.4729041908 1.196590909090909
58946.907236325 2458947.408924307 102.03253200743347 11.199196802917868 1.0 5.0 1.0 7060205.955802528 693907.9588645507 1.196590909090909
58946.90853262 2458947.410220612 103.89919680543244 13.065861600916833 1.0 5.0 0.0 7057890.5144422315 693664.4631952426 1.196590909090909
58946.909828915 2458947.411516916 105.7658616034314 14.932526398915797 1.0 5.0 1.0 7062859.794834223 694170.3673674867 1.196590909090909
58946.911125215 2458947.4128132244 107.6325336098671 16.79919840535149 1.0 5.0 0.0 7061738.554705248 694030.4592992635 1.196590909090909
58946.91242151 2458947.414109527 109.49919840786606 18.665863203350455 1.0 5.0 1.0 7061654.396656468 694052.1409870813 1.196590909090909
58946.913717805 2458947.415405829 111.36586320586503 20.53252800134942 1.0 5.0 0.0 7061229.850105537 693986.0110985562 1.196590909090909
58946.915014105 2458947.4167021345 113.23253520182334 22.399199997307733 1.0 5.0 1.0 7062894.184243429 694171.8916605617 1.196590909090909
58946.9163104 2458947.417998434 115.09920001029968 24.265864805784076 1.0 5.0 0.0 7062190.203417356 694075.8077738665 1.196590909090909
58946.917606695 2458947.419294733 116.96586480829865 26.13252960378304 1.0 5.0 1.0 7062460.729106859 694124.3681883352 1.196590909090909
58946.91890299 2458947.4205910307 118.83252960629761 27.999194401782006 1.0 5.0 0.0 7061753.328272902 694023.7278950547 1.196590909090909
58946.920199285 2458947.421887327 120.69919440429658 29.86585919978097 1.0 5.0 1.0 7062793.075880786 694153.870370794 1.196590909090909
58946.921495585004 2458947.4231836274 122.56586641073227 31.732531206216663 1.0 5.0 0.0 7062471.113152606 694099.6217953332 1.196590909090909
58946.92279188 2458947.4244799227 124.43253120873123 33.59919600421563 1.0 5.0 1.0 7063543.731401847 694231.4687492424 1.196590909090909
58946.924088175 2458947.425776216 126.2991960067302 35.46586080221459 1.0 5.0 0.0 7062086.9160119565 694067.4589655487 1.196590909090909
58946.925384475 2458947.427072514 128.1658680026885 37.332532798172906 1.0 5.0 1.0 7063732.726606734 694242.0791012145 1.196590909090909
58946.926680770004 2458947.428368806 130.03253281116486 39.19919760664925 1.0 5.0 0.0 7061637.56562531 694016.2510025656 1.196590909090909
58946.927977065 2458947.4296650975 131.89919760916382 41.065862404648215 1.0 5.0 1.0 7065188.625494323 694385.0103847753 1.196590909090909
58946.92927336 2458947.4309613886 133.76586240716279 42.93252720264718 1.0 5.0 0.0 7059854.468795459 693849.8425722334 1.196590909090909
58946.930569660006 2458947.432257684 135.63253441359848 44.79919920908287 1.0 5.0 1.0 7064158.517866245 694290.1473105312 1.196590909090909
58946.931865955004 2458947.4335539737 137.49919921159744 46.66586400708184 1.0 5.0 0.0 7060328.577627026 693885.9405928499 1.196590909090909
58946.93316225 2458947.434850264 139.3658640095964 48.5325288050808 1.0 5.0 1.0 7062710.5907649975 694144.6654079477 1.196590909090909
58946.966831325 2458947.4685194087 187.84933200571686 1.865872791968286 1.0 6.0 0.0 7043692.829006164 692303.9712633035 1.196590909090909
58946.96812762 2458947.4698157148 189.71599680371583 3.732537589967251 1.0 6.0 1.0 7049708.276693552 692903.3153834909 1.196590909090909
58946.96942392 2458947.471112026 191.58266881015152 5.599209596402943 1.0 6.0 0.0 7049957.357549463 692904.3913579173 1.196590909090909
58946.970720215 2458947.472408332 193.44933360815048 7.465874394401908 1.0 6.0 1.0 7053362.095854776 693257.724163952 1.196590909090909
58946.97201651 2458947.473704638 195.31599840614945 9.332539192400873 1.0 6.0 0.0 7051372.512863756 693043.8292119378 1.196590909090909
58946.973312805 2458947.475000943 197.1826632041484 11.199203990399837 1.0 6.0 1.0 7054364.412265201 693349.5786425311 1.196590909090909
58946.9746091 2458947.4762972477 199.04932800214738 13.065868788398802 1.0 6.0 0.0 7052961.83141938 693186.5305352353 1.196590909090909
58946.9759054 2458947.477593557 200.91600000858307 14.932540794834495 1.0 6.0 1.0 7055140.735599893 693420.9998457076 1.196590909090909
58946.977201695 2458947.4788898607 202.78266480658203 16.79920559283346 1.0 6.0 0.0 7053662.2926614275 693261.1654772541 1.196590909090909
58946.97849799 2458947.480186163 204.649329604581 18.665870390832424 1.0 6.0 1.0 7057183.502586603 693618.215142745 1.196590909090909
58946.979794290004 2458947.4814824695 206.5160016110167 20.532542397268116 1.0 6.0 0.0 7054210.313419899 693307.5671085172 1.196590909090909
58946.981090585 2458947.48277877 208.38266640901566 22.39920719526708 1.0 6.0 1.0 7056475.62734202 693556.8769723733 1.196590909090909
58946.98238688 2458947.48407507 210.24933120701462 24.265871993266046 1.0 6.0 0.0 7056298.24303377 693508.1842159674 1.196590909090909
58946.983683175 2458947.4853713685 212.11599600501359 26.13253679126501 1.0 6.0 1.0 7056367.78859345 693520.3199097632 1.196590909090909
58946.984979475004 2458947.4866676712 213.98266801144928 27.999208797700703 1.0 6.0 0.0 7054443.809566104 693325.1875667966 1.196590909090909
58946.98627577 2458947.4879639675 215.84933280944824 29.865873595699668 1.0 6.0 1.0 7058781.342732765 693771.0700856687 1.196590909090909
58946.987572065 2458947.4892602633 217.7159976074472 31.732538393698633 1.0 6.0 0.0 7054542.092464921 693330.0038747668 1.196590909090909
58946.98886836 2458947.490556558 219.58266240544617 33.5992031916976 1.0 6.0 1.0 7057379.522265667 693633.5156827985 1.196590909090909
58946.990164660005 2458947.4918528567 221.44933441188186 35.46587519813329 1.0 6.0 0.0 7054334.513206996 693315.2147815599 1.196590909090909
58946.991460955 2458947.4931491497 223.31599920988083 37.332539996132255 1.0 6.0 1.0 7059422.833439389 693830.9024732994 1.196590909090909
58946.99275725 2458947.4944454418 225.1826640078798 39.19920479413122 1.0 6.0 0.0 7059912.90042297 693852.0279609694 1.196590909090909
58946.994053545 2458947.4957417333 227.04932880587876 41.065869592130184 1.0 6.0 1.0 7060624.531757598 693948.8041908236 1.196590909090909
58946.995349845005 2458947.497038029 228.91600081231445 42.93254159856588 1.0 6.0 0.0 7060568.2490649205 693914.3921135529 1.196590909090909
58946.99664614 2458947.4983343193 230.78266561031342 44.79920639656484 1.0 6.0 1.0 7059290.06409666 693822.7507340133 1.196590909090909
58946.997942435 2458947.49963061 232.64933040831238 46.665871194563806 1.0 6.0 0.0 7058901.074966754 693752.4728601378 1.196590909090909
58946.99923873 2458947.5009268997 234.51599520631135 48.53253599256277 1.0 6.0 1.0 7061654.339341557 694043.6997054286 1.196590909090909
58947.03290762 2458947.5345958583 282.99919680459425 1.8658656044863164 1.0 7.0 0.0 7048036.577292423 692721.4213542484 1.196590909090909
58947.034203920004 2458947.5358921695 284.86586881102994 3.7325376109220088 1.0 7.0 1.0 7054200.853289398 693337.178451198 1.196590909090909
58947.035500215 2458947.5371884755 286.7325336090289 5.5992024089209735 1.0 7.0 0.0 7053216.597995602 693220.4046093955 1.196590909090909
58947.03679651 2458947.538484782 288.59919840702787 7.465867206919938 1.0 7.0 1.0 7056043.985255516 693515.4738580094 1.196590909090909
58947.038092805 2458947.5397810875 290.46586320502684 9.332532004918903 1.0 7.0 0.0 7055141.464598102 693400.1565616918 1.196590909090909
58947.0393891 2458947.5410773926 292.3325280030258 11.199196802917868 1.0 7.0 1.0 7057526.597587639 693655.0737687439 1.196590909090909
58947.0406854 2458947.542373702 294.1992000094615 13.06586880935356 1.0 7.0 0.0 7056251.485162996 693509.9519098947 1.196590909090909
58947.041981695 2458947.5436700066 296.06586480746046 14.932533607352525 1.0 7.0 1.0 7058765.762577596 693778.476921581 1.196590909090909
58947.04327799 2458947.5449663093 297.9325296054594 16.79919840535149 1.0 7.0 0.0 7059001.043960557 693772.9774046282 1.196590909090909
58947.044574290005 2458947.5462626168 299.7992016118951 18.665870411787182 1.0 7.0 1.0 7058225.901557159 693721.2339648796 1.196590909090909
58947.045870585 2458947.5475589186 301.6658664098941 20.532535209786147 1.0 7.0 0.0 7058240.493599198 693693.8543120829 1.196590909090909
58947.04716688 2458947.5488552195 303.53253120789304 22.39920000778511 1.0 7.0 1.0 7060383.749864361 693929.1319863078 1.196590909090909
58947.048463175 2458947.550151519 305.399196005892 24.265864805784076 1.0 7.0 0.0 7057317.373457729 693606.4759519253 1.196590909090909
58947.049759475005 2458947.5514478222 307.2658680123277 26.13253681221977 1.0 7.0 1.0 7059288.8791426625 693821.8989010863 1.196590909090909
58947.05105577 2458947.55274412 309.13253281032667 27.999201610218734 1.0 7.0 0.0 7059123.941591815 693782.5315253567 1.196590909090909
58947.052352065 2458947.5540404166 310.99919760832563 29.8658664082177 1.0 7.0 1.0 7059879.909251965 693877.2714740783 1.196590909090909
58947.05364836 2458947.5553367124 312.8658624063246 31.732531206216663 1.0 7.0 0.0 7058849.839775796 693748.8546886696 1.196590909090909
58947.054944660005 2458947.556633012 314.7325344127603 33.599203212652355 1.0 7.0 1.0 7060496.268803306 693929.4418357937 1.196590909090909
58947.056240955004 2458947.5579293054 316.59919921075925 35.46586801065132 1.0 7.0 0.0 7058314.232436918 693698.8492114164 1.196590909090909
58947.05753725 2458947.559225599 318.4658640087582 37.332532808650285 1.0 7.0 1.0 7059904.309185889 693873.5296387043 1.196590909090909
58947.058833545 2458947.560521891 320.3325288067572 39.19919760664925 1.0 7.0 0.0 7058698.955588318 693737.4248127791 1.196590909090909
58947.060129845006 2458947.5618181876 322.1992008131929 41.06586961308494 1.0 7.0 1.0 7059782.856556246 693863.96504017 1.196590909090909
58947.061426140004 2458947.5631144783 324.06586561119184 42.93253441108391 1.0 7.0 0.0 7059274.542446694 693796.0712199416 1.196590909090909
58947.062722435 2458947.564410769 325.9325304091908 44.79919920908287 1.0 7.0 1.0 7059000.697510446 693788.683099939 1.196590909090909
58947.06401873 2458947.565707059 327.79919520718977 46.66586400708184 1.0 7.0 0.0 7057441.661264935 693612.5570783251 1.196590909090909
58947.065315030006 2458947.567003354 329.66586721362546 48.53253601351753 1.0 7.0 1.0 7061933.512566911 694074.6747680594 1.196590909090909
59120.318630155 2459120.8177504004 1.8658656044863164 1.8658656044863164 2.0 8.0 0.0 7004768.14837796 688566.0984993125 1.196590909090909
59120.319926455 2459120.819046701 3.73253760044463 3.73253760044463 2.0 8.0 1.0 7024970.889857136 690532.6428670753 1.196590909090909
59120.321222750004 2459120.8203429957 5.5992024089209735 5.5992024089209735 2.0 8.0 0.0 7027640.915663545 690763.9631927047 1.196590909090909
59120.322519045 2459120.82163929 7.465867206919938 7.465867206919938 2.0 8.0 1.0 7037914.078600766 691775.2412965053 1.196590909090909
59120.32381534 2459120.822935584 9.332532004918903 9.332532004918903 2.0 8.0 0.0 7038225.455245689 691782.5529236557 1.196590909090909
59120.32511164 2459120.824231882 11.199204000877216 11.199204000877216 2.0 8.0 1.0 7045568.118069788 692506.3680412155 1.196590909090909
59120.326407935 2459120.8255281746 13.065868798876181 13.065868798876181 2.0 8.0 0.0 7045305.153079583 692458.2594826759 1.196590909090909
59120.32770423 2459120.8268244658 14.932533607352525 14.932533607352525 2.0 8.0 1.0 7051142.095930497 693040.7836436995 1.196590909090909
59120.329000525 2459120.8281207564 16.79919840535149 16.79919840535149 2.0 8.0 0.0 7048445.586158547 692758.953064961 1.196590909090909
59120.330296825 2459120.829417051 18.665870401309803 18.665870401309803 2.0 8.0 1.0 7054446.211016154 693362.8120119676 1.196590909090909
59120.331593120005 2459120.830713339 20.532535209786147 20.532535209786147 2.0 8.0 0.0 7050775.9257777035 692987.181520746 1.196590909090909
59120.332889415 2459120.832009626 22.39920000778511 22.39920000778511 2.0 8.0 1.0 7057053.964274671 693612.2604900196 1.196590909090909
59120.334185715 2459120.833305917 24.265872003743425 24.265872003743425 2.0 8.0 0.0 7054801.704189676 693375.4936143786 1.196590909090909
59120.33548201 2459120.8346022028 26.13253680174239 26.13253680174239 2.0 8.0 1.0 7057779.159310311 693687.4687306231 1.196590909090909
59120.336778305 2459120.8358984864 27.999201599741355 27.999201599741355 2.0 8.0 0.0 7055454.141120372 693435.6107375062 1.196590909090909
59120.338074600004 2459120.837194769 29.8658664082177 29.8658664082177 2.0 8.0 1.0 7060516.166677314 693946.8792412842 1.196590909090909
59120.339370895 2459120.838491051 31.732531206216663 31.732531206216663 2.0 8.0 0.0 7059709.341968086 693845.3076679033 1.196590909090909
59120.340667195 2459120.839787337 33.59920320217498 33.59920320217498 2.0 8.0 1.0 7061696.343134129 694061.6808850605 1.196590909090909
59120.341963490006 2459120.841083617 35.46586801065132 35.46586801065132 2.0 8.0 0.0 7057407.593841077 693620.8633137174 1.196590909090909
59120.343259785004 2459120.842379896 37.332532808650285 37.332532808650285 2.0 8.0 1.0 7062676.826876578 694149.8855350025 1.196590909090909
59120.344556085 2459120.8436761796 39.1992048046086 39.1992048046086 2.0 8.0 0.0 7059035.782405892 693780.8687439202 1.196590909090909
59120.34585238 2459120.844972458 41.06586960260756 41.06586960260756 2.0 8.0 1.0 7062051.750468938 694089.3921563199 1.196590909090909
59120.347148675 2459120.846268736 42.93253440060653 42.93253440060653 2.0 8.0 0.0 7058198.670999817 693699.2261403996 1.196590909090909
59120.348444970004 2459120.847565013 44.79919920908287 44.79919920908287 2.0 8.0 1.0 7059814.707351276 693873.6988899973 1.196590909090909
