run/run_2021-08-21_02-00-29_L-98-59_Hubble15856_spec/extracted_sp/bins12_2021-08-24_19-02-57/speclc1.578.txt
# %ECSV 0.9
# ---
# datatype:
# - {name: t_mjd, datatype: float64}
# - {name: t_bjd, datatype: float64}
# - {name: t_visit, datatype: float64}
# - {name: t_orbit, datatype: float64}
# - {name: ivisit, datatype: float64}
# - {name: iorbit, datatype: float64}
# - {name: scan, datatype: float64}
# - {name: spec_opt, datatype: float64}
# - {name: var_opt, datatype: float64}
# - {name: wave, datatype: float64}
# schema: astropy-2.0
t_mjd t_bjd t_visit t_orbit ivisit iorbit scan spec_opt var_opt wave
[from data line 346]
59178.974870310005 2459179.4742590496 110.66586480243132 20.532535209786147 3.0 13.0 0.0 7355930.207230046 721186.1721983302 1.5784090909090909
59178.976166609995 2459179.475555375 112.53253678791225 22.39920719526708 3.0 13.0 1.0 7352106.790776225 720883.2573830748 1.5784090909090909
59178.977462905 2459179.4768516943 114.3992015963886 24.265872003743425 3.0 13.0 0.0 7354732.823525213 721069.9296046745 1.5784090909090909
59178.9787592 2459179.478148011 116.26586639438756 26.13253680174239 3.0 13.0 1.0 7352116.068327439 720884.2954345136 1.5784090909090909
59178.980055495 2459179.479444327 118.13253119238652 27.999201599741355 3.0 13.0 0.0 7353399.551244691 720942.6559044892 1.5784090909090909
59178.981351795 2459179.4807406454 119.99920319882222 29.865873606177047 3.0 13.0 1.0 7353192.649004434 720989.360548067 1.5784090909090909
59178.98264809 2459179.4820369575 121.86586799682118 31.73253840417601 3.0 13.0 0.0 7354345.056777262 721034.5758278397 1.5784090909090909
59178.983944385 2459179.4833332673 123.73253279482014 33.59920320217498 3.0 13.0 1.0 7354294.871353877 721090.0773007912 1.5784090909090909
59178.985240685 2459179.4846295808 125.59920479077846 35.46587519813329 3.0 13.0 0.0 7355267.743719655 721118.6711005052 1.5784090909090909
59178.986536979995 2459179.485925888 127.46586958877742 37.332539996132255 3.0 13.0 1.0 7352698.551647369 720937.6436797793 1.5784090909090909
59178.987833275 2459179.4872221933 129.33253439725377 39.1992048046086 3.0 13.0 0.0 7355554.658333481 721147.6078543034 1.5784090909090909
59178.98912957 2459179.4885184974 131.19919919525273 41.06586960260756 3.0 13.0 1.0 7353009.950482634 720970.6151542928 1.5784090909090909
59178.990425865 2459179.4898148007 133.0658639932517 42.93253440060653 3.0 13.0 0.0 7356623.288191149 721251.9306353825 1.5784090909090909
59178.991722164996 2459179.4911111076 134.93253598921 44.79920639656484 3.0 13.0 1.0 7353233.5237961 720990.2068162042 1.5784090909090909
59178.993018459994 2459179.4924074085 136.79920078720897 46.665871194563806 3.0 13.0 0.0 7356135.175354946 721205.6046851459 1.5784090909090909
59178.994314755 2459179.493703709 138.66586559568532 48.53253600304015 3.0 13.0 1.0 7352730.767584186 720947.7922913495 1.5784090909090909
59179.028087905 2459179.527477328 187.29920159094036 1.865872791968286 3.0 14.0 0.0 7336389.185740567 719307.9348306886 1.5784090909090909
59179.029384199996 2459179.528773657 189.16586638893932 3.732537589967251 3.0 14.0 1.0 7338068.589847306 719529.0247241879 1.5784090909090909
59179.030680494994 2459179.5300699864 191.0325311869383 5.599202387966216 3.0 14.0 0.0 7341083.814756552 719756.5583856077 1.5784090909090909
59179.031976795 2459179.5313663203 192.89920319337398 7.465874394401908 3.0 14.0 1.0 7342429.198353616 719947.1907306619 1.5784090909090909
59179.03327309 2459179.532662649 194.76586799137294 9.332539192400873 3.0 14.0 0.0 7345209.632693769 720150.9449178939 1.5784090909090909
59179.034569384996 2459179.533958977 196.6325327893719 11.199203990399837 3.0 14.0 1.0 7342241.125178554 719926.9605490834 1.5784090909090909
59179.035865679994 2459179.5352553045 198.49919758737087 13.065868788398802 3.0 14.0 0.0 7345799.037286094 720209.8546997753 1.5784090909090909
59179.03716198 2459179.5365516357 200.36586959380656 14.932540794834495 3.0 14.0 1.0 7344335.1438517 720131.8148771164 1.5784090909090909
59179.038458275 2459179.537847961 202.23253439180553 16.79920559283346 3.0 14.0 0.0 7348363.492110437 720454.0221466848 1.5784090909090909
59179.039754569996 2459179.5391442846 204.0991991898045 18.665870390832424 3.0 14.0 1.0 7344532.679146235 720152.2412762577 1.5784090909090909
59179.04105087 2459179.5404406115 205.9658711962402 20.532542397268116 3.0 14.0 0.0 7347159.49561266 720345.9679526546 1.5784090909090909
59179.042347165 2459179.541736932 207.83253599423915 22.39920719526708 3.0 14.0 1.0 7344453.951797702 720147.6183159034 1.5784090909090909
59179.04364346 2459179.5430332515 209.69920079223812 24.265871993266046 3.0 14.0 0.0 7346394.47144324 720267.2702677649 1.5784090909090909
59179.044939755 2459179.5443295687 211.56586559023708 26.13253679126501 3.0 14.0 1.0 7345587.560006181 720253.9796167637 1.5784090909090909
59179.046236049995 2459179.545625884 213.43253038823605 27.999201589263976 3.0 14.0 0.0 7346275.963219571 720262.4892239567 1.5784090909090909
59179.04753235 2459179.5469222027 215.29920239467174 29.865873595699668 3.0 14.0 1.0 7347124.004750732 720406.3638387377 1.5784090909090909
59179.048828645 2459179.548218515 217.1658671926707 31.732538393698633 3.0 14.0 0.0 7349107.657960351 720533.7671977673 1.5784090909090909
59179.05012494 2459179.5495148245 219.03253199066967 33.5992031916976 3.0 14.0 1.0 7344899.6247134665 720188.8146614807 1.5784090909090909
59179.05142124 2459179.550811138 220.89920399710536 35.46587519813329 3.0 14.0 0.0 7348443.132625568 720464.3258074601 1.5784090909090909
59179.052717535 2459179.5521074445 222.76586879510432 37.332539996132255 3.0 14.0 1.0 7344830.30451362 720183.0155052509 1.5784090909090909
59179.05401383 2459179.5534037505 224.6325335931033 39.19920479413122 3.0 14.0 0.0 7346859.863696709 720317.9968011231 1.5784090909090909
59179.055310125 2459179.554700054 226.49919839110225 41.065869592130184 3.0 14.0 1.0 7346350.371413326 720330.8135198609 1.5784090909090909
59179.056606425 2459179.555996362 228.36587039753795 42.93254159856588 3.0 14.0 0.0 7347489.7546126405 720374.2712642777 1.5784090909090909
59179.05790272 2459179.557292664 230.2325351955369 44.79920639656484 3.0 14.0 1.0 7344236.201554847 720131.8398738552 1.5784090909090909
59179.059199015 2459179.5585889653 232.09919999353588 46.665871194563806 3.0 14.0 0.0 7346389.9807096515 720272.9902916761 1.5784090909090909
59179.06049531 2459179.559885266 233.96586479153484 48.53253599256277 3.0 14.0 1.0 7345775.713130458 720278.5772392013 1.5784090909090909
59179.09426846 2459179.5936588855 282.59920079726726 1.865872802445665 3.0 15.0 0.0 7337837.939636914 719444.6993099982 1.5784090909090909
59179.095564755 2459179.594955215 284.4658655952662 3.73253760044463 3.0 15.0 1.0 7340846.180967764 719797.2537050548 1.5784090909090909
59179.096861055004 2459179.5962515497 286.3325376017019 5.599209606880322 3.0 15.0 0.0 7344965.650264741 720126.3247976698 1.5784090909090909
59179.09815735 2459179.5975478785 288.1992023997009 7.465874404879287 3.0 15.0 1.0 7344851.674134276 720181.9410084634 1.5784090909090909
59179.099453645 2459179.5988442074 290.06586719769984 9.332539202878252 3.0 15.0 0.0 7347974.94350025 720417.7201776238 1.5784090909090909
59179.10074994 2459179.6001405357 291.9325319956988 11.199204000877216 3.0 15.0 1.0 7347396.900865259 720424.751446731 1.5784090909090909
59179.102046235 2459179.6014368627 293.7991967936978 13.065868798876181 3.0 15.0 0.0 7348692.364379946 720488.4917179346 1.5784090909090909
59179.103342535 2459179.6027331944 295.66586880013347 14.932540805311874 3.0 15.0 1.0 7345700.003933868 720265.8522116897 1.5784090909090909
59179.10463883 2459179.604029519 297.53253359813243 16.79920560331084 3.0 15.0 0.0 7350360.566791214 720674.8669697279 1.5784090909090909
59179.105935125 2459179.605325843 299.3991983961314 18.665870401309803 3.0 15.0 1.0 7348640.909289342 720550.2825304258 1.5784090909090909
59179.107231425 2459179.6066221707 301.2658703920897 20.532542397268116 3.0 15.0 0.0 7351108.672057044 720716.7005395514 1.5784090909090909
59179.10852772 2459179.607918491 303.13253520056605 22.39920720574446 3.0 15.0 1.0 7346719.665371624 720362.2129764264 1.5784090909090909
59179.109824015 2459179.6092148097 304.999199998565 24.265872003743425 3.0 15.0 0.0 7349672.411740268 720584.2916690266 1.5784090909090909
59179.11112031 2459179.6105111274 306.865864796564 26.13253680174239 3.0 15.0 1.0 7346999.984079606 720391.8994248863 1.5784090909090909
59179.112416610005 2459179.611807448 308.7325368029997 27.999208808178082 3.0 15.0 0.0 7348081.612505022 720427.8773108617 1.5784090909090909
59179.113712905004 2459179.613103761 310.59920160099864 29.865873606177047 3.0 15.0 1.0 7349320.696896259 720610.3543672179 1.5784090909090909
59179.1150092 2459179.614400073 312.4658663989976 31.73253840417601 3.0 15.0 0.0 7350683.834824362 720677.6273542473 1.5784090909090909
59179.116305495 2459179.615696383 314.33253119699657 33.59920320217498 3.0 15.0 1.0 7347551.12056398 720443.7981572619 1.5784090909090909
59179.117601795 2459179.6169926967 316.1992031929549 35.46587519813329 3.0 15.0 0.0 7350401.84619238 720648.943123425 1.5784090909090909
59179.118898090004 2459179.618289003 318.0658680014312 37.332540006609634 3.0 15.0 1.0 7348135.858464672 720499.7433753785 1.5784090909090909
59179.120194385 2459179.6195853082 319.9325327994302 39.1992048046086 3.0 15.0 0.0 7350213.9701932855 720636.2865052572 1.5784090909090909
59179.121490685 2459179.620881617 321.7992047953885 41.06587680056691 3.0 15.0 1.0 7348307.190648395 720520.0262119289 1.5784090909090909
59179.12278698 2459179.6221779203 323.66586959338747 42.93254159856588 3.0 15.0 0.0 7348980.60339172 720511.8066704866 1.5784090909090909
59179.124083275 2459179.623474222 325.53253439138643 44.79920639656484 3.0 15.0 1.0 7347381.73085089 720431.9003834822 1.5784090909090909
59179.12537957 2459179.624770523 327.3991991998628 46.665871205041185 3.0 15.0 0.0 7349592.080061352 720577.5834466795 1.5784090909090909
59179.126675865 2459179.6260668235 329.26586399786174 48.53253600304015 3.0 15.0 1.0 7348265.226528455 720521.091827231 1.5784090909090909
59269.031274124995 2459269.53252416 1.8661391898058355 1.8661391898058355 4.0 16.0 0.0 7267942.149788987 712748.3029484901 1.5784090909090909
59269.03257042 2459269.5338204913 3.7328039982821792 3.7328039982821792 4.0 16.0 1.0 7297754.889418931 715655.8238240909 1.5784090909090909
59269.033866715006 2459269.535116822 5.599468806758523 5.599468806758523 4.0 16.0 0.0 7308256.279665884 716615.8082129251 1.5784090909090909
59269.035163010005 2459269.536413152 7.466133604757488 7.466133604757488 4.0 16.0 1.0 7318436.706995771 717643.8323792587 1.5784090909090909
59269.036459309995 2459269.5377094857 9.332805590238422 9.332805590238422 4.0 16.0 0.0 7326216.009664745 718336.9428678456 1.5784090909090909
59269.03775560499 2459269.539005813 11.199470388237387 11.199470388237387 4.0 16.0 1.0 7332030.075078458 718946.1469938834 1.5784090909090909
59269.0390519 2459269.54030214 13.06613519671373 13.06613519671373 4.0 16.0 0.0 7335886.912001593 719263.142841544 1.5784090909090909
59269.040348195005 2459269.5415984653 14.932800005190074 14.932800005190074 4.0 16.0 1.0 7339905.810761869 719702.7242156107 1.5784090909090909
59269.041644494995 2459269.542894794 16.79947199067101 16.79947199067101 4.0 16.0 0.0 7343370.219683244 719983.1945270442 1.5784090909090909
59269.04294079 2459269.544191116 18.666136799147353 18.666136799147353 4.0 16.0 1.0 7343406.53190472 720036.7372208334 1.5784090909090909
59269.04423708501 2459269.545487437 20.532801607623696 20.532801607623696 4.0 16.0 0.0 7348180.385135952 720439.3985835996 1.5784090909090909
59269.045533380006 2459269.5467837555 22.39946640562266 22.39946640562266 4.0 16.0 1.0 7346554.55098887 720337.3851996044 1.5784090909090909
59269.046829679995 2459269.5480800774 24.266138391103595 24.266138391103595 4.0 16.0 0.0 7349379.036236206 720554.9507313418 1.5784090909090909
59269.048125789996 2459269.549376208 26.13253679126501 26.13253679126501 4.0 16.0 1.0 7349400.581411001 720608.5562357723 1.5784090909090909
59269.049422085 2459269.5506725213 27.999201599741355 27.999201599741355 4.0 16.0 0.0 7353134.320608887 720909.2762768534 1.5784090909090909
59269.050718385 2459269.551968838 29.865873595699668 29.865873595699668 4.0 16.0 1.0 7353802.203606272 721027.5159694075 1.5784090909090909
59269.05201468 2459269.5532651492 31.732538393698633 31.732538393698633 4.0 16.0 0.0 7354744.377727058 721058.087885224 1.5784090909090909
59269.053310974996 2459269.5545614576 33.5992031916976 33.5992031916976 4.0 16.0 1.0 7350379.892766272 720696.7139130835 1.5784090909090909
59269.054607269994 2459269.555857765 35.46586798969656 35.46586798969656 4.0 16.0 0.0 7354094.1215081625 721002.3329988923 1.5784090909090909
59269.055903565 2459269.557154072 37.332532798172906 37.332532798172906 4.0 16.0 1.0 7354014.458698638 721045.5107657488 1.5784090909090909
59269.057199865 2459269.558450382 39.19920479413122 39.19920479413122 4.0 16.0 0.0 7356668.060163606 721244.7721391472 1.5784090909090909
59269.058496159996 2459269.559746687 41.065869592130184 41.065869592130184 4.0 16.0 1.0 7354902.94449472 721127.9344289434 1.5784090909090909
59269.059792455 2459269.5610429905 42.93253440060653 42.93253440060653 4.0 16.0 0.0 7357914.375841981 721368.6932736724 1.5784090909090909
59269.061088755 2459269.562339299 44.79920639656484 44.79920639656484 4.0 16.0 1.0 7356216.005121248 721259.7684520587 1.5784090909090909
59269.06238505 2459269.5636356026 46.665871194563806 46.665871194563806 4.0 16.0 0.0 7358822.321834799 721457.060288238 1.5784090909090909
59269.063681345 2459269.5649319054 48.53253599256277 48.53253599256277 4.0 16.0 1.0 7356114.335753963 721242.8339217829 1.5784090909090909
59269.097373565004 2459269.5986247375 97.04933280358091 1.8658656044863164 4.0 17.0 0.0 7340622.046959868 719720.7374450963 1.5784090909090909
59269.098669865 2459269.5999210733 98.91600479953922 3.73253760044463 4.0 17.0 1.0 7343751.109335633 720059.0898655121 1.5784090909090909
59269.09996616 2459269.6012174035 100.78266959753819 5.599202398443595 4.0 17.0 0.0 7349219.1840538485 720544.0410898182 1.5784090909090909
59269.101262455 2459269.6025137333 102.64933439553715 7.465867196442559 4.0 17.0 1.0 7349444.004943767 720618.8638308343 1.5784090909090909
59269.102558754996 2459269.6038100673 104.51600639149547 9.332539192400873 4.0 17.0 0.0 7350822.417394775 720699.473768742 1.5784090909090909
59269.103855049994 2459269.605106395 106.38267118949443 11.199203990399837 4.0 17.0 1.0 7348005.463784888 720478.6454904531 1.5784090909090909
59269.105151345 2459269.6064027217 108.24933599797077 13.065868798876181 4.0 17.0 0.0 7352811.984255587 720884.1713622608 1.5784090909090909
59269.10644764 2459269.607699047 110.11600079596974 14.932533596875146 4.0 17.0 1.0 7351295.503544919 720791.3627597194 1.5784090909090909
59269.107743935 2459269.6089953706 111.9826655939687 16.79919839487411 4.0 17.0 0.0 7356308.541707787 721217.1854225445 1.5784090909090909
59269.109040235 2459269.610291698 113.8493376004044 18.665870401309803 4.0 17.0 1.0 7351454.887312697 720807.5836498293 1.5784090909090909
59269.11033653 2459269.611588018 115.71600239840336 20.532535199308768 4.0 17.0 0.0 7356214.449100659 721208.0927028343 1.5784090909090909
59269.111632825 2459269.612884337 117.58266719640233 22.399199997307733 4.0 17.0 1.0 7354368.334096964 721087.2692394857 1.5784090909090909
59269.112929124996 2459269.614180659 119.44933919236064 24.265871993266046 4.0 17.0 0.0 7355137.66648405 721106.0549452471 1.5784090909090909
59269.114225419995 2459269.6154769748 121.3160039903596 26.13253679126501 4.0 17.0 1.0 7353879.007728079 721037.9020281531 1.5784090909090909
59269.115521715 2459269.616773288 123.18266879883595 27.999201599741355 4.0 17.0 0.0 7355251.3216151595 721114.7450514549 1.5784090909090909
59269.11681801 2459269.6180696 125.04933359683491 29.86586639774032 4.0 17.0 1.0 7354455.138702023 721092.7234852597 1.5784090909090909
59269.11811431 2459269.619365915 126.91600559279323 31.732538393698633 4.0 17.0 0.0 7357365.059824976 721313.4205957245 1.5784090909090909
59269.119410605 2459269.6206622245 128.78267040126957 33.59920320217498 4.0 17.0 1.0 7353953.90676387 721041.8502156906 1.5784090909090909
59269.1207069 2459269.6219585324 130.64933519926853 35.46586800017394 4.0 17.0 0.0 7357093.213653655 721289.3743218253 1.5784090909090909
59269.122003195 2459269.6232548384 132.5159999972675 37.332532798172906 4.0 17.0 1.0 7353804.511657194 721023.6786802104 1.5784090909090909
