run/run_2021-08-21_02-00-29_L-98-59_Hubble15856_spec/extracted_sp/bins12_2021-08-24_19-02-57/speclc1.149.txt
# %ECSV 0.9
# ---
# datatype:
# - {name: t_mjd, datatype: float64}
# - {name: t_bjd, datatype: float64}
# - {name: t_visit, datatype: float64}
# - {name: t_orbit, datatype: float64}
# - {name: ivisit, datatype: float64}
# - {name: iorbit, datatype: float64}
# - {name: scan, datatype: float64}
# - {name: spec_opt, datatype: float64}
# - {name: var_opt, datatype: float64}
# - {name: wave, datatype: float64}
# schema: astropy-2.0
t_mjd t_bjd t_visit t_orbit ivisit iorbit scan spec_opt var_opt wave
58888.252084215 2458888.753034453 1.8658655940089375 1.8658655940089375 0.0 0.0 0.0 6107070.264281135 601129.0585999506 1.1488636363636364
58888.253380509996 2458888.7543307883 3.7325303920079023 3.7325303920079023 0.0 0.0 1.0 6144232.325445188 604716.364628842 1.1488636363636364
58888.25467699 2458888.755627308 5.5994615983217955 5.5994615983217955 0.0 0.0 0.0 6153692.606523635 605608.0111527491 1.1488636363636364
58888.255973105 2458888.756923462 7.465867196442559 7.465867196442559 0.0 0.0 1.0 6171048.884776375 607312.3223266434 1.1488636363636364
58888.2572694 2458888.7582197953 9.332531994441524 9.332531994441524 0.0 0.0 0.0 6174143.958513823 607569.7560582275 1.1488636363636364
58888.258565694996 2458888.7595161274 11.199196792440489 11.199196792440489 0.0 0.0 1.0 6184740.82628621 608631.5071677791 1.1488636363636364
58888.259861989995 2458888.7608124586 13.065861590439454 13.065861590439454 0.0 0.0 0.0 6185770.003454855 608688.1998516276 1.1488636363636364
58888.261158285 2458888.7621087884 14.932526398915797 14.932526398915797 0.0 0.0 1.0 6195482.572437204 609634.2459087837 1.1488636363636364
58888.262454585 2458888.763405122 16.79919839487411 16.79919839487411 0.0 0.0 0.0 6195920.517011475 609654.2301150904 1.1488636363636364
58888.263750879996 2458888.7647014484 18.665863192873076 18.665863192873076 0.0 0.0 1.0 6199295.616207747 609997.5399695925 1.1488636363636364
58888.265047175 2458888.765997773 20.53252800134942 20.53252800134942 0.0 0.0 0.0 6198475.799195453 609901.7825915589 1.1488636363636364
58888.266343475 2458888.7672941014 22.399199997307733 22.399199997307733 0.0 0.0 1.0 6202581.16755781 610311.1194177378 1.1488636363636364
58888.26763977 2458888.7685904233 24.265864795306697 24.265864795306697 0.0 0.0 0.0 6202946.8275189 610334.1222336073 1.1488636363636364
58888.268936065 2458888.7698867433 26.132529593305662 26.132529593305662 0.0 0.0 1.0 6206885.492917646 610744.8989086711 1.1488636363636364
58888.270232359995 2458888.7711830614 27.999194391304627 27.999194391304627 0.0 0.0 0.0 6205678.907931081 610593.4861853694 1.1488636363636364
58888.27152866 2458888.772479383 29.86586639774032 29.86586639774032 0.0 0.0 1.0 6208496.429723607 610880.2566492696 1.1488636363636364
58888.272824955 2458888.773775698 31.732531195739284 31.732531195739284 0.0 0.0 0.0 6206361.673539505 610654.5788999157 1.1488636363636364
58888.274121434995 2458888.7750721965 33.5994623915758 33.5994623915758 0.0 0.0 1.0 6210643.506518131 611111.9837975161 1.1488636363636364
58888.275417545 2458888.776368324 35.46586080221459 35.46586080221459 0.0 0.0 0.0 6209688.533195139 610975.2853133992 1.1488636363636364
58888.276713845 2458888.77766464 37.332532798172906 37.332532798172906 0.0 0.0 1.0 6210780.62505514 611095.3466553425 1.1488636363636364
58888.27801014 2458888.7789609507 39.19919759617187 39.19919759617187 0.0 0.0 0.0 6209680.0680880165 610975.4868272928 1.1488636363636364
58888.279306435 2458888.78025726 41.065862394170836 41.065862394170836 0.0 0.0 1.0 6212304.770001745 611263.1288677193 1.1488636363636364
58888.280602735 2458888.7815535734 42.93253440060653 42.93253440060653 0.0 0.0 0.0 6211678.29962851 611163.3593090026 1.1488636363636364
58888.28189903 2458888.782849882 44.79919919860549 44.79919919860549 0.0 0.0 1.0 6212371.074632868 611247.7764323377 1.1488636363636364
58888.283195325 2458888.78414619 46.66586399660446 46.66586399660446 0.0 0.0 0.0 6212003.277042343 611198.6258616351 1.1488636363636364
58888.28449162 2458888.7854424976 48.53252879460342 48.53252879460342 0.0 0.0 1.0 6214822.098780136 611507.6016169462 1.1488636363636364
58888.318183845 2458888.8191354494 97.04933279310353 1.866132002323866 0.0 1.0 0.0 6197585.620835981 609817.4053860145 1.1488636363636364
58888.319480139995 2458888.8204317843 98.9159975911025 3.7327968003228307 0.0 1.0 1.0 6205183.050218284 610588.15311284 1.1488636363636364
58888.320776435 2458888.821728119 100.78266239957884 5.599461608799174 0.0 1.0 0.0 6204104.314179105 610451.4074845316 1.1488636363636364
58888.322072735 2458888.8230244583 102.64933439553715 7.466133604757488 0.0 1.0 1.0 6208136.426628952 610869.8991919652 1.1488636363636364
58888.32336903 2458888.8243207913 104.51599919353612 9.332798402756453 0.0 1.0 0.0 6207596.881896017 610779.4034401937 1.1488636363636364
58888.324665325 2458888.825617124 106.38266400201246 11.199463211232796 0.0 1.0 1.0 6208748.685010276 610928.9361964476 1.1488636363636364
58888.32596162 2458888.826913455 108.24932880001143 13.066128009231761 0.0 1.0 0.0 6208556.093856899 610871.5037548313 1.1488636363636364
58888.32725773 2458888.8282095995 110.11572720017284 14.932526409393176 0.0 1.0 1.0 6211056.068576221 611149.5310247913 1.1488636363636364
58888.328554215 2458888.8295061174 111.9826655939687 16.79946480318904 0.0 1.0 0.0 6208732.794582603 610887.2196650759 1.1488636363636364
58888.329850509996 2458888.830802444 113.84933039196767 18.666129601188004 0.0 1.0 1.0 6212335.557821425 611271.8333997643 1.1488636363636364
58888.331146805 2458888.8320987695 115.71599520044401 20.532794409664348 0.0 1.0 0.0 6208930.8375689015 610909.2723762925 1.1488636363636364
58888.332443105 2458888.833395098 117.58266719640233 22.39946640562266 0.0 1.0 1.0 6211925.987196132 611209.6180125312 1.1488636363636364
58888.3337394 2458888.8346914193 119.44933199440129 24.266131203621626 0.0 1.0 0.0 6210170.293387407 611022.0692463623 1.1488636363636364
58888.335035694996 2458888.8359877393 121.31599679240026 26.13279600162059 0.0 1.0 1.0 6211204.260395192 611160.1102871827 1.1488636363636364
58888.336331989995 2458888.837284058 123.18266159039922 27.999460799619555 0.0 1.0 0.0 6209729.087015946 610979.9094787313 1.1488636363636364
58888.337628099995 2458888.8385801897 125.04905999056064 29.86585919978097 0.0 1.0 1.0 6210525.251118645 611080.2365061386 1.1488636363636364
58888.338924585 2458888.8398766946 126.91599839483388 31.732797604054213 0.0 1.0 0.0 6212127.823363906 611208.551060008 1.1488636363636364
58888.340220879996 2458888.841173008 128.78266319283284 33.59946240205318 0.0 1.0 1.0 6213488.206275794 611380.1561583589 1.1488636363636364
58888.341517175 2458888.842469321 130.6493280013092 35.46612721052952 0.0 1.0 0.0 6210815.723544342 611083.3094214961 1.1488636363636364
58888.34281329 2458888.8437654525 132.51573359942995 37.332532808650285 0.0 1.0 1.0 6212381.508591977 611251.2845926277 1.1488636363636364
58888.34410977 2458888.845061947 134.38266479526646 39.1994640044868 0.0 1.0 0.0 6213191.146926235 611308.0328555466 1.1488636363636364
58888.345406065 2458888.8463582564 136.24932959326543 41.066128802485764 0.0 1.0 1.0 6212057.599993152 611218.8305202449 1.1488636363636364
58888.346702359995 2458888.8476545657 138.1159943912644 42.93279360048473 0.0 1.0 0.0 6211880.483750255 611180.2913883899 1.1488636363636364
58888.34799866 2458888.8489508787 139.9826663977001 44.79946560692042 0.0 1.0 1.0 6210991.121225928 611141.2697247589 1.1488636363636364
58888.349294955 2458888.8502471866 141.84933119569905 46.666130404919386 0.0 1.0 0.0 6211128.0165925985 611112.9628465874 1.1488636363636364
58888.35059125 2458888.8515434945 143.71599599369802 48.53279520291835 0.0 1.0 1.0 6212641.383171229 611292.288406796 1.1488636363636364
58888.384294955 2458888.8852479253 192.2493312007282 1.866132002323866 0.0 2.0 0.0 6194381.44507885 609508.0977017811 1.1488636363636364
58888.38559125 2458888.8865442607 194.11599599872716 3.7327968003228307 0.0 2.0 1.0 6200182.80553375 610112.9711720868 1.1488636363636364
58888.38688736 2458888.88784041 195.98239439888857 5.599195200484246 0.0 2.0 0.0 6199249.697013314 609973.683997732 1.1488636363636364
58888.388183845 2458888.8891369347 197.84933280316181 7.466133604757488 0.0 2.0 1.0 6202540.620642801 610334.8388962431 1.1488636363636364
58888.389479955 2458888.890433083 199.71573120332323 9.332532004918903 0.0 2.0 0.0 6203820.761770482 610418.6099712343 1.1488636363636364
58888.390776435 2458888.8917295993 201.58266239915974 11.199463200755417 0.0 2.0 1.0 6204884.401600657 610562.1942229568 1.1488636363636364
58888.392072735 2458888.8930259356 203.44933439511806 13.06613519671373 0.0 2.0 0.0 6202449.708434805 610283.8822820311 1.1488636363636364
58888.393369030004 2458888.8943222654 205.3159992035944 14.932800005190074 0.0 2.0 1.0 6204687.31683289 610537.4542959719 1.1488636363636364
58888.394665325 2458888.8956185933 207.18266400159337 16.79946480318904 0.0 2.0 0.0 6202525.579524906 610292.3231893968 1.1488636363636364
58888.39596162 2458888.89691492 209.04932879959233 18.666129601188004 0.0 2.0 1.0 6204445.81824427 610513.3862407748 1.1488636363636364
58888.397257915 2458888.898211245 210.9159935975913 20.53279439918697 0.0 2.0 0.0 6204977.421868069 610522.6247258992 1.1488636363636364
58888.398554215004 2458888.899507574 212.782665604027 22.39946640562266 0.0 2.0 1.0 6205366.062890251 610597.3752799138 1.1488636363636364
58888.39985051 2458888.900803895 214.64933040202595 24.266131203621626 0.0 2.0 0.0 6204542.901945139 610480.9731029785 1.1488636363636364
58888.401146805 2458888.902100215 216.51599520002492 26.13279600162059 0.0 2.0 1.0 6205222.87137426 610583.1873772949 1.1488636363636364
58888.402443105 2458888.9033965385 218.38266719598323 27.999467997578904 0.0 2.0 0.0 6204672.58220791 610487.4804884146 1.1488636363636364
58888.403739400004 2458888.9046928557 220.24933200445957 29.866132806055248 0.0 2.0 1.0 6205400.255942927 610601.289323665 1.1488636363636364
58888.405035695 2458888.9059891705 222.11599680245854 31.732797604054213 0.0 2.0 0.0 6203769.95437551 610403.054282801 1.1488636363636364
58888.40633199 2458888.9072854845 223.9826616004575 33.59946240205318 0.0 2.0 1.0 6205117.40424571 610575.2955212469 1.1488636363636364
58888.407628285 2458888.9085817966 225.84932639845647 35.46612720005214 0.0 2.0 0.0 6206909.428878294 610706.2779759557 1.1488636363636364
58888.408924585 2458888.9098781133 227.71599839441478 37.332799196010455 0.0 2.0 1.0 6205920.441093774 610654.3543620256 1.1488636363636364
58888.41022088 2458888.9111744235 229.58266320289113 39.1994640044868 0.0 2.0 0.0 6205879.020048273 610606.7362367763 1.1488636363636364
58888.411517175 2458888.912470733 231.4493280008901 41.066128802485764 0.0 2.0 1.0 6205716.306641128 610629.3736238675 1.1488636363636364
58888.412813475 2458888.9137670468 233.3159999968484 42.93280079844408 0.0 2.0 0.0 6208123.059779802 610819.849975303 1.1488636363636364
58888.414109770005 2458888.9150633556 235.18266480532475 44.79946560692042 0.0 2.0 1.0 6208726.357270371 610922.2015621668 1.1488636363636364
58888.415406065 2458888.9163596635 237.0493296033237 46.666130404919386 0.0 2.0 0.0 6209142.970196127 610921.66351483 1.1488636363636364
58888.41670236 2458888.9176559714 238.91599440132268 48.53279520291835 0.0 2.0 1.0 6211017.893025434 611136.4528679935 1.1488636363636364
58888.450417545 2458888.951371881 287.46586079592817 1.8658656044863164 0.0 3.0 0.0 6197898.513087929 609867.7712841362 1.1488636363636364
58888.451713845 2458888.952668221 289.33253280236386 3.7325376109220088 0.0 3.0 1.0 6202393.10331956 610322.571988686 1.1488636363636364
58888.45301014 2458888.9539645556 291.1991976003628 5.5992024089209735 0.0 3.0 0.0 6202538.706457043 610291.8293530474 1.1488636363636364
58888.454306435 2458888.9552608896 293.0658623983618 7.465867206919938 0.0 3.0 1.0 6203467.208903252 610423.8416103913 1.1488636363636364
58888.455602735 2458888.9565572278 294.9325343943201 9.332539202878252 0.0 3.0 0.0 6203329.179045425 610367.5337191244 1.1488636363636364
58888.45689903 2458888.95785356 296.79919920279644 11.199204011354595 0.0 3.0 1.0 6206018.227114066 610669.6428104923 1.1488636363636364
58888.458195325 2458888.959149891 298.6658640007954 13.06586880935356 0.0 3.0 0.0 6205602.864936318 610587.5250049626 1.1488636363636364
58888.45949162 2458888.9604462204 300.5325287987944 14.932533607352525 0.0 3.0 1.0 6207119.94501659 610777.6382577838 1.1488636363636364
58888.460787915 2458888.9617425487 302.39919359679334 16.79919840535149 0.0 3.0 0.0 6206481.015730422 610670.7982900084 1.1488636363636364
58888.462084215 2458888.9630388804 304.26586560322903 18.665870411787182 0.0 3.0 1.0 6207533.306313508 610811.2158061472 1.1488636363636364
58888.46338051 2458888.964335205 306.132530401228 20.532535209786147 0.0 3.0 0.0 6207844.365879588 610797.6696569384 1.1488636363636364
58888.464676805 2458888.9656315283 307.99919519922696 22.39920000778511 0.0 3.0 1.0 6208744.190859664 610920.463708391 1.1488636363636364
58888.465973105 2458888.9669278553 309.8658671951853 24.265872003743425 0.0 3.0 0.0 6208455.289918343 610854.2859380508 1.1488636363636364
58888.467269400004 2458888.9682241757 311.7325320036616 26.13253681221977 0.0 3.0 1.0 6206893.216971202 610724.9909537294 1.1488636363636364
58888.46856588 2458888.9695206787 313.59946319949813 27.999468008056283 0.0 3.0 0.0 6207220.864759578 610733.8497678187 1.1488636363636364
58888.46986199 2458888.9708168106 315.46586159965955 29.8658664082177 0.0 3.0 1.0 6208104.671643681 610857.9965157586 1.1488636363636364
58888.471158285 2458888.972113126 317.3325263976585 31.732531206216663 0.0 3.0 0.0 6206236.2349782325 610645.1110648459 1.1488636363636364
58888.472454585004 2458888.973409445 319.1991984040942 33.599203212652355 0.0 3.0 1.0 6206737.991766422 610735.877422861 1.1488636363636364
58888.47375088 2458888.974705757 321.06586320209317 35.46586801065132 0.0 3.0 0.0 6209304.338939663 610940.2065709003 1.1488636363636364
58888.475047175 2458888.9760020687 322.93252800009213 37.332532808650285 0.0 3.0 1.0 6207674.145534931 610819.3733768597 1.1488636363636364
58888.476343475 2458888.977298384 324.79919999605045 39.1992048046086 0.0 3.0 0.0 6208228.324045117 610828.2171226465 1.1488636363636364
58888.477639770004 2458888.978594694 326.6658648045268 41.06586961308494 0.0 3.0 1.0 6207643.7890833365 610817.9859877498 1.1488636363636364
58888.478936065 2458888.9798910026 328.53252960252576 42.93253441108391 0.0 3.0 0.0 6207379.429220303 610748.1583550578 1.1488636363636364
58888.48023236 2458888.981187311 330.3991944005247 44.79919920908287 0.0 3.0 1.0 6207688.755565705 610820.0991657793 1.1488636363636364
58888.48152866 2458888.982483624 332.26586639648303 46.665871205041185 0.0 3.0 0.0 6206032.49360958 610622.5849115951 1.1488636363636364
58888.482824955 2458888.9837799324 334.132531194482 48.53253600304015 0.0 3.0 1.0 6208414.767854659 610887.9112410017 1.1488636363636364
58946.83767614 2458947.3393639354 1.8658656044863164 1.8658656044863164 1.0 4.0 0.0 6158344.832417576 606072.8898277711 1.1488636363636364
58946.838972435 2458947.3406602414 3.7325304024852812 3.7325304024852812 1.0 4.0 1.0 6183677.845187115 608519.4178114397 1.1488636363636364
58946.84026873 2458947.3419565475 5.599195200484246 5.599195200484246 1.0 4.0 0.0 6190374.497830832 609146.44496687 1.1488636363636364
58946.84156503 2458947.3432528577 7.465867206919938 7.465867206919938 1.0 4.0 1.0 6200412.326809511 610128.3923786285 1.1488636363636364
58946.842861325 2458947.3445491623 9.332532004918903 9.332532004918903 1.0 4.0 0.0 6203287.05184491 610387.8781564906 1.1488636363636364
58946.84415762 2458947.3458454665 11.199196802917868 11.199196802917868 1.0 4.0 1.0 6209777.902587179 611025.1552912985 1.1488636363636364
58946.84545392 2458947.3471417744 13.06586880935356 13.06586880935356 1.0 4.0 0.0 6209671.613677094 610991.8260031594 1.1488636363636364
58946.846750215 2458947.348438077 14.932533607352525 14.932533607352525 1.0 4.0 1.0 6215168.783949243 611540.9112714097 1.1488636363636364
58946.84804651 2458947.3497343785 16.79919840535149 16.79919840535149 1.0 4.0 0.0 6214650.9737741435 611468.3208115064 1.1488636363636364
58946.849342805 2458947.3510306785 18.665863203350455 18.665863203350455 1.0 4.0 1.0 6219746.748882804 611983.7560310295 1.1488636363636364
58946.8506391 2458947.3523269785 20.53252800134942 20.53252800134942 1.0 4.0 0.0 6218014.5175846135 611789.4835394823 1.1488636363636364
