run/run_2021-08-21_02-00-29_L-98-59_Hubble15856_spec/extracted_sp/bins12_2021-08-24_19-02-57/speclc1.483.txt
# %ECSV 0.9
# ---
# datatype:
# - {name: t_mjd, datatype: float64}
# - {name: t_bjd, datatype: float64}
# - {name: t_visit, datatype: float64}
# - {name: t_orbit, datatype: float64}
# - {name: ivisit, datatype: float64}
# - {name: iorbit, datatype: float64}
# - {name: scan, datatype: float64}
# - {name: spec_opt, datatype: float64}
# - {name: var_opt, datatype: float64}
# - {name: wave, datatype: float64}
# schema: astropy-2.0
t_mjd t_bjd t_visit t_orbit ivisit iorbit scan spec_opt var_opt wave
[from data line 232]
59120.349741265 2459120.8488612906 46.66586400708184 46.66586400708184 2.0 8.0 0.0 7500433.605830711 735074.2133258884 1.4829545454545454
59120.351037565 2459120.850157573 48.53253600304015 48.53253600304015 2.0 8.0 1.0 7496985.609124817 734775.1307235423 1.4829545454545454
59120.382449785 2459120.8815695937 93.76613280270249 1.866132002323866 2.0 9.0 0.0 7482979.231897817 733412.3733950588 1.4829545454545454
59120.383746085 2459120.8828658946 95.6328047986608 3.7328039982821792 2.0 9.0 1.0 7486523.5243376745 733779.5146030146 1.4829545454545454
59120.38504238 2459120.8841621904 97.49946960713714 5.599468806758523 2.0 9.0 0.0 7491045.784157122 734179.0635621712 1.4829545454545454
59120.38633849 2459120.8854583004 99.36586800729856 7.465867206919938 2.0 9.0 1.0 7487587.222535596 733877.9789748652 1.4829545454545454
59120.38763497 2459120.88675478 101.23279920313507 9.332798402756453 2.0 9.0 0.0 7494228.765807768 734486.1757957459 1.4829545454545454
59120.38893108 2459120.8880508896 103.09919760329649 11.199196802917868 2.0 9.0 1.0 7491416.902321752 734245.6164098975 1.4829545454545454
59120.390227565 2459120.8893473735 104.96613600756973 13.06613520719111 2.0 9.0 0.0 7493560.839426991 734417.3922438838 1.4829545454545454
59120.39152386 2459120.8906436665 106.8328008055687 14.932800005190074 2.0 9.0 1.0 7491148.993613427 734218.6934979195 1.4829545454545454
59120.392820155 2459120.8919399586 108.69946560356766 16.79946480318904 2.0 9.0 0.0 7495176.3868907 734574.3739872684 1.4829545454545454
59120.39411627 2459120.89323607 110.56587120168842 18.665870401309803 2.0 9.0 1.0 7492058.870081219 734306.2561572082 1.4829545454545454
59120.395412750004 2459120.8945325455 112.43280240800232 20.532801607623696 2.0 9.0 0.0 7494592.713863576 734514.2708625727 1.4829545454545454
59120.396709045 2459120.8958288347 114.29946720600128 22.39946640562266 2.0 9.0 1.0 7492553.242622713 734352.5454056642 1.4829545454545454
59120.39800534 2459120.8971251226 116.16613200400025 24.266131203621626 2.0 9.0 0.0 7496350.053605851 734685.7149244936 1.4829545454545454
59120.399301640005 2459120.898421415 118.03280401043594 26.132803210057318 2.0 9.0 1.0 7494913.527875118 734576.9353573981 1.4829545454545454
59120.400597935004 2459120.8997177007 119.8994688084349 27.999468008056283 2.0 9.0 0.0 7496275.390047111 734677.1952567865 1.4829545454545454
59120.40189423 2459120.9010139853 121.76613360643387 29.866132806055248 2.0 9.0 1.0 7494532.347771721 734543.4045273928 1.4829545454545454
59120.403190525 2459120.902310269 123.63279840443283 31.732797604054213 2.0 9.0 0.0 7496886.109942854 734739.0618776107 1.4829545454545454
59120.404486825 2459120.903606557 125.49947040039115 33.599469600012526 2.0 9.0 1.0 7492943.889344928 734391.712150328 1.4829545454545454
59120.405783120004 2459120.9049028386 127.36613520886749 35.46613440848887 2.0 9.0 0.0 7496230.0203060005 734675.6875867861 1.4829545454545454
59120.407079415 2459120.906199119 129.23280000686646 37.332799206487834 2.0 9.0 1.0 7493642.94301453 734455.4096781923 1.4829545454545454
59120.408375715 2459120.9074954037 131.09947200282477 39.19947120244615 2.0 9.0 0.0 7497464.523306522 734785.2918518614 1.4829545454545454
59120.40967201 2459120.908791683 132.96613680082373 41.06613600044511 2.0 9.0 1.0 7494310.265529454 734513.584071661 1.4829545454545454
59120.410968305 2459120.9100879612 134.8328015988227 42.93280079844408 2.0 9.0 0.0 7496897.174893649 734735.2237382149 1.4829545454545454
59120.4122646 2459120.9113842393 136.69946640729904 44.79946560692042 2.0 9.0 1.0 7493989.488845394 734481.772857239 1.4829545454545454
59120.413560895 2459120.9126805165 138.566131205298 46.666130404919386 2.0 9.0 0.0 7496461.2952677 734688.9786343977 1.4829545454545454
59120.414857195 2459120.9139767997 140.43280320125632 48.5328024008777 2.0 9.0 1.0 7492538.329623142 734346.6895803679 1.4829545454545454
59120.44857238 2459120.947691755 188.9826696063392 1.865872802445665 2.0 10.0 0.0 7480771.754125569 733197.2242335556 1.4829545454545454
59120.449868675 2459120.9489880507 190.84933440433815 3.73253760044463 2.0 10.0 1.0 7481701.834722329 733316.3785401671 1.4829545454545454
59120.45116497 2459120.9502843465 192.71599920233712 5.599202398443595 2.0 10.0 0.0 7485684.82499924 733664.3148873547 1.4829545454545454
59120.452461265 2459120.951580642 194.58266400033608 7.465867196442559 2.0 10.0 1.0 7482967.677135494 733436.0897872255 1.4829545454545454
59120.453757565 2459120.9528769418 196.44933600677177 9.332539202878252 2.0 10.0 0.0 7487782.93203596 733865.2337180716 1.4829545454545454
59120.45505386 2459120.954173236 198.31600080477074 11.199204000877216 2.0 10.0 1.0 7485975.247576422 733719.0357671933 1.4829545454545454
59120.456350155 2459120.9554695305 200.1826656027697 13.065868798876181 2.0 10.0 0.0 7486666.766346664 733755.0912569095 1.4829545454545454
59120.457646455 2459120.9567658287 202.04933759872802 14.932540794834495 2.0 10.0 1.0 7487592.0391065655 733873.8642997398 1.4829545454545454
59120.45894275 2459120.9580621207 203.91600240720436 16.79920560331084 2.0 10.0 0.0 7491045.638521251 734174.4518130091 1.4829545454545454
59120.460239045 2459120.959358412 205.78266720520332 18.665870401309803 2.0 10.0 1.0 7487197.366289158 733839.8186091776 1.4829545454545454
59120.46153534 2459120.9606547025 207.6493320032023 20.532535199308768 2.0 10.0 0.0 7490409.6729773665 734114.2927080588 1.4829545454545454
59120.462831640005 2459120.961950997 209.51600400963798 22.39920720574446 2.0 10.0 1.0 7487881.460132425 733907.2142428735 1.4829545454545454
59120.464127935 2459120.9632472848 211.38266880763695 24.265872003743425 2.0 10.0 0.0 7491377.621120949 734206.3574601638 1.4829545454545454
59120.46542423 2459120.9645435717 213.2493336056359 26.13253680174239 2.0 10.0 1.0 7486717.540358921 733791.0675827161 1.4829545454545454
59120.466720525 2459120.965839858 215.11599840363488 27.999201599741355 2.0 10.0 0.0 7490501.874794915 734121.6761041428 1.4829545454545454
59120.468016825 2459120.967136148 216.9826703995932 29.865873595699668 2.0 10.0 1.0 7485983.894533525 733723.1226279989 1.4829545454545454
59120.469313120004 2459120.968432431 218.84933520806953 31.73253840417601 2.0 10.0 0.0 7490725.303515974 734146.1031474154 1.4829545454545454
59120.470609415 2459120.969728714 220.7160000060685 33.59920320217498 2.0 10.0 1.0 7487237.48058476 733840.7041269988 1.4829545454545454
59120.471905715 2459120.9710250003 222.5826720020268 35.46587519813329 2.0 10.0 0.0 7492594.774392295 734330.5414535505 1.4829545454545454
59120.473202010005 2459120.972321281 224.44933681050315 37.332540006609634 2.0 10.0 1.0 7486847.224316069 733803.1903617373 1.4829545454545454
59120.474498305004 2459120.9736175607 226.31600160850212 39.1992048046086 2.0 10.0 0.0 7492384.187677382 734302.7139342306 1.4829545454545454
59120.4757946 2459120.9749138397 228.18266640650108 41.06586960260756 2.0 10.0 1.0 7487865.977930766 733901.488913707 1.4829545454545454
59120.477090895 2459120.9762101183 230.04933120450005 42.93253440060653 2.0 10.0 0.0 7490527.875243104 734125.8600279387 1.4829545454545454
59120.478387195 2459120.9775064015 231.91600320045836 44.79920639656484 2.0 10.0 1.0 7487786.366625261 733893.0595136812 1.4829545454545454
59120.479683490004 2459120.9788026786 233.7826680089347 46.665871205041185 2.0 10.0 0.0 7491521.059538494 734217.2132359904 1.4829545454545454
59120.480979785 2459120.980098956 235.64933280693367 48.53253600304015 2.0 10.0 1.0 7486917.649942512 733809.3220045805 1.4829545454545454
59120.51469497 2459121.0138139124 284.19919920153916 1.865858396049589 2.0 11.0 0.0 7481757.591951084 733288.0542431491 1.4829545454545454
59120.515991265 2459121.015110208 286.0658639995381 3.7325231940485537 2.0 11.0 1.0 7483288.950628518 733467.5221496022 1.4829545454545454
59120.517287565 2459121.016406509 287.9325360059738 5.599195200484246 2.0 11.0 0.0 7489644.414994432 734043.3965597228 1.4829545454545454
59120.51858386 2459121.0177028044 289.7992008039728 7.465859998483211 2.0 11.0 1.0 7486877.743160676 733810.9084963267 1.4829545454545454
59120.519880155 2459121.0189991 291.66586560197175 9.332524796482176 2.0 11.0 0.0 7489395.250376837 734022.8779852575 1.4829545454545454
59120.521176455004 2459121.0202953997 293.53253760840744 11.199196802917868 2.0 11.0 1.0 7488145.311243983 733928.3734387448 1.4829545454545454
59120.52247275 2459121.0215916936 295.3992024064064 13.065861600916833 2.0 11.0 0.0 7493216.855292704 734376.3241335494 1.4829545454545454
59120.523769045 2459121.0228879866 297.26586720440537 14.932526398915797 2.0 11.0 1.0 7490697.758980344 734201.6173455234 1.4829545454545454
59120.52506534 2459121.024184279 299.13253200240433 16.799191196914762 2.0 11.0 0.0 7493474.660654989 734408.1790041857 1.4829545454545454
59120.526361640004 2459121.025480576 300.99920400884 18.665863203350455 2.0 11.0 1.0 7490282.976646602 734162.9078704924 1.4829545454545454
59120.527657935 2459121.026776866 302.865868806839 20.53252800134942 2.0 11.0 0.0 7493204.298367611 734380.2941267113 1.4829545454545454
59120.52895423 2459121.0280731553 304.73253360483795 22.399192799348384 2.0 11.0 1.0 7491264.621786596 734229.5039110511 1.4829545454545454
59120.530250525 2459121.0293694437 306.5991984028369 24.26585759734735 2.0 11.0 0.0 7493895.264150387 734447.2199977613 1.4829545454545454
59120.531546825 2459121.0306657357 308.46587039879523 26.132529593305662 2.0 11.0 1.0 7490067.05701742 734116.2617346061 1.4829545454545454
59120.53284312 2459121.0319620213 310.3325352072716 27.999194401782006 2.0 11.0 0.0 7494161.501835264 734478.6139656893 1.4829545454545454
59120.534139415 2459121.033258306 312.19920000527054 29.86585919978097 2.0 11.0 1.0 7491161.395381446 734220.0249343193 1.4829545454545454
59120.535435715 2459121.034554595 314.06587200122885 31.732531195739284 2.0 11.0 0.0 7494921.843120363 734550.6258955569 1.4829545454545454
59120.536732010005 2459121.0358508774 315.9325368097052 33.59919600421563 2.0 11.0 1.0 7492191.630222004 734316.7204520663 1.4829545454545454
59120.538028305 2459121.0371471588 317.79920160770416 35.46586080221459 2.0 11.0 0.0 7494142.015897097 734472.6051686615 1.4829545454545454
59120.5393246 2459121.038443439 319.6658664057031 37.33252560021356 2.0 11.0 1.0 7489755.476280745 734086.5620002471 1.4829545454545454
59120.540620895 2459121.0397397196 321.5325312037021 39.19919039821252 2.0 11.0 0.0 7493924.614369199 734455.1104143828 1.4829545454545454
59120.541917195 2459121.0410360033 323.3992031996604 41.065862394170836 2.0 11.0 1.0 7490394.24032281 734147.5908151745 1.4829545454545454
59120.543213490004 2459121.042332282 325.26586800813675 42.93252720264718 2.0 11.0 0.0 7494390.614035155 734497.3024898283 1.4829545454545454
59120.544509785 2459121.0436285594 327.1325328061357 44.799192000646144 2.0 11.0 1.0 7490365.438423816 734137.0403029625 1.4829545454545454
59120.545806085 2459121.044924842 328.999204802094 46.66586399660446 2.0 11.0 0.0 7492915.770419721 734348.2720859952 1.4829545454545454
59120.547102380006 2459121.0462211194 330.86586961057037 48.5325288050808 2.0 11.0 1.0 7489998.831408204 734100.8479958543 1.4829545454545454
59178.899314755 2459179.3987022704 1.8658655940089375 1.8658655940089375 3.0 12.0 0.0 7416128.850631542 726967.4112613369 1.4829545454545454
59178.900611054996 2459179.399998604 3.732537589967251 3.732537589967251 3.0 12.0 1.0 7437173.979071085 729046.2668772114 1.4829545454545454
59178.901907349995 2459179.401294932 5.599202387966216 5.599202387966216 3.0 12.0 0.0 7446184.587457757 729855.5965228343 1.4829545454545454
59178.903203645 2459179.4025912588 7.465867196442559 7.465867196442559 3.0 12.0 1.0 7456024.277899363 730855.9199596997 1.4829545454545454
59178.90449994 2459179.4038875857 9.332531994441524 9.332531994441524 3.0 12.0 0.0 7462986.992255957 731467.4851918536 1.4829545454545454
59178.905796235 2459179.405183911 11.199196792440489 11.199196792440489 3.0 12.0 1.0 7467508.8588301735 731963.7605215035 1.4829545454545454
59178.907092535 2459179.4064802397 13.065868798876181 13.065868798876181 3.0 12.0 0.0 7471728.619475265 732311.4977845853 1.4829545454545454
59178.90838883 2459179.407776562 14.932533596875146 14.932533596875146 3.0 12.0 1.0 7475662.98846621 732748.1387104513 1.4829545454545454
59178.909685125 2459179.4090728834 16.79919839487411 16.79919839487411 3.0 12.0 0.0 7477515.915108997 732865.0149236879 1.4829545454545454
59178.910981425 2459179.410369208 18.665870390832424 18.665870390832424 3.0 12.0 1.0 7479093.814359091 733075.7248808563 1.4829545454545454
59178.912277719995 2459179.4116655253 20.53253518883139 20.53253518883139 3.0 12.0 0.0 7482920.3095307695 733382.3527283998 1.4829545454545454
59178.913574015 2459179.412961841 22.399199997307733 22.399199997307733 3.0 12.0 1.0 7482062.538691572 733335.445329206 1.4829545454545454
59178.91487031 2459179.4142581555 24.265864795306697 24.265864795306697 3.0 12.0 0.0 7486564.673237903 733728.8840546979 1.4829545454545454
59178.91616661 2459179.4155544727 26.13253679126501 26.13253679126501 3.0 12.0 1.0 7484091.921712296 733552.1063130125 1.4829545454545454
59178.917462904996 2459179.4168507834 27.999201589263976 27.999201589263976 3.0 12.0 0.0 7489542.292628322 734017.5685626401 1.4829545454545454
59178.918759199994 2459179.418147092 29.86586638726294 29.86586638726294 3.0 12.0 1.0 7486302.525790224 733766.9731532856 1.4829545454545454
59178.920055495 2459179.4194433996 31.732531195739284 31.732531195739284 3.0 12.0 0.0 7487869.6695735715 733856.9654688694 1.4829545454545454
59178.921351795 2459179.420739711 33.5992031916976 33.5992031916976 3.0 12.0 1.0 7487749.832137863 733908.9854775417 1.4829545454545454
59178.922648089996 2459179.422036015 35.46586798969656 35.46586798969656 3.0 12.0 0.0 7491529.245553967 734206.4891885794 1.4829545454545454
59178.923944385 2459179.423332318 37.332532798172906 37.332532798172906 3.0 12.0 1.0 7489486.589108612 734073.2035336011 1.4829545454545454
59178.925240685 2459179.4246286256 39.19920479413122 39.19920479413122 3.0 12.0 0.0 7491199.553370783 734177.2796895249 1.4829545454545454
59178.92653698 2459179.425924927 41.065869592130184 41.065869592130184 3.0 12.0 1.0 7490616.75928923 734184.7108566593 1.4829545454545454
59178.927833275 2459179.427221228 42.93253439012915 42.93253439012915 3.0 12.0 0.0 7493423.484179547 734396.5520606654 1.4829545454545454
59178.929129569995 2459179.428517528 44.799199188128114 44.799199188128114 3.0 12.0 1.0 7490548.448083026 734182.7426089317 1.4829545454545454
59178.96190735 2459179.4612957714 91.99920239509083 1.865872802445665 3.0 13.0 0.0 7478361.739584606 732939.3114257492 1.4829545454545454
59178.963203645 2459179.4625921003 93.8658671930898 3.73253760044463 3.0 13.0 1.0 7478235.814199075 732987.1843934994 1.4829545454545454
59178.964499940004 2459179.4638884296 95.73253200156614 5.5992024089209735 3.0 13.0 0.0 7483976.372201079 733477.9575434275 1.4829545454545454
59178.965796235 2459179.4651847584 97.5991967995651 7.465867206919938 3.0 13.0 1.0 7483216.93393728 733437.5111042806 1.4829545454545454
59178.967092535 2459179.466481092 99.46586879552342 9.332539202878252 3.0 13.0 0.0 7486075.518444291 733680.9271433894 1.4829545454545454
59178.96838883 2459179.46777742 101.33253359352238 11.199204000877216 3.0 13.0 1.0 7485687.385053395 733703.4494663938 1.4829545454545454
59178.969685125 2459179.4690737473 103.19919839152135 13.065868798876181 3.0 13.0 0.0 7487113.0636478085 733783.8402231281 1.4829545454545454
59178.970981425 2459179.4703700785 105.06587039795704 14.932540805311874 3.0 13.0 1.0 7486699.206253127 733805.6804391237 1.4829545454545454
59178.97227772 2459179.4716664036 106.932535195956 16.79920560331084 3.0 13.0 0.0 7491229.467051894 734180.5666309485 1.4829545454545454
