run/run_2021-08-21_02-00-29_L-98-59_Hubble15856_spec/extracted_sp/bins12_2021-08-24_19-02-57/speclc1.149.txt
# %ECSV 0.9
# ---
# datatype:
# - {name: t_mjd, datatype: float64}
# - {name: t_bjd, datatype: float64}
# - {name: t_visit, datatype: float64}
# - {name: t_orbit, datatype: float64}
# - {name: ivisit, datatype: float64}
# - {name: iorbit, datatype: float64}
# - {name: scan, datatype: float64}
# - {name: spec_opt, datatype: float64}
# - {name: var_opt, datatype: float64}
# - {name: wave, datatype: float64}
# schema: astropy-2.0
t_mjd t_bjd t_visit t_orbit ivisit iorbit scan spec_opt var_opt wave
[from data line 232]
59120.349741265 2459120.8488612906 46.66586400708184 46.66586400708184 2.0 8.0 0.0 6224362.822630944 612402.6926278564 1.1488636363636364
59120.351037565 2459120.850157573 48.53253600304015 48.53253600304015 2.0 8.0 1.0 6224264.910079054 612416.764771277 1.1488636363636364
59120.382449785 2459120.8815695937 93.76613280270249 1.866132002323866 2.0 9.0 0.0 6214335.938360232 611452.9049518977 1.1488636363636364
59120.383746085 2459120.8828658946 95.6328047986608 3.7328039982821792 2.0 9.0 1.0 6220176.787804257 612035.4837583082 1.1488636363636364
59120.38504238 2459120.8841621904 97.49946960713714 5.599468806758523 2.0 9.0 0.0 6218124.418479025 611816.3609819927 1.1488636363636364
59120.38633849 2459120.8854583004 99.36586800729856 7.465867206919938 2.0 9.0 1.0 6222308.658893514 612235.8655827022 1.1488636363636364
59120.38763497 2459120.88675478 101.23279920313507 9.332798402756453 2.0 9.0 0.0 6220226.558535342 612013.7952972155 1.1488636363636364
59120.38893108 2459120.8880508896 103.09919760329649 11.199196802917868 2.0 9.0 1.0 6222631.642334563 612266.5753313304 1.1488636363636364
59120.390227565 2459120.8893473735 104.96613600756973 13.06613520719111 2.0 9.0 0.0 6222679.228641288 612250.3758445394 1.1488636363636364
59120.39152386 2459120.8906436665 106.8328008055687 14.932800005190074 2.0 9.0 1.0 6225110.410778884 612507.974417543 1.1488636363636364
59120.392820155 2459120.8919399586 108.69946560356766 16.79946480318904 2.0 9.0 0.0 6223607.357851451 612343.0091930971 1.1488636363636364
59120.39411627 2459120.89323607 110.56587120168842 18.665870401309803 2.0 9.0 1.0 6224208.439795944 612416.6622235999 1.1488636363636364
59120.395412750004 2459120.8945325455 112.43280240800232 20.532801607623696 2.0 9.0 0.0 6223781.653776616 612350.2517281262 1.1488636363636364
59120.396709045 2459120.8958288347 114.29946720600128 22.39946640562266 2.0 9.0 1.0 6227420.102396534 612725.4379886414 1.1488636363636364
59120.39800534 2459120.8971251226 116.16613200400025 24.266131203621626 2.0 9.0 0.0 6223268.603414375 612300.9779069116 1.1488636363636364
59120.399301640005 2459120.898421415 118.03280401043594 26.132803210057318 2.0 9.0 1.0 6225754.233016259 612559.5232516911 1.1488636363636364
59120.400597935004 2459120.8997177007 119.8994688084349 27.999468008056283 2.0 9.0 0.0 6225008.169670468 612474.3088068697 1.1488636363636364
59120.40189423 2459120.9010139853 121.76613360643387 29.866132806055248 2.0 9.0 1.0 6223639.964230047 612362.4370260054 1.1488636363636364
59120.403190525 2459120.902310269 123.63279840443283 31.732797604054213 2.0 9.0 0.0 6223799.005544736 612352.8308669919 1.1488636363636364
59120.404486825 2459120.903606557 125.49947040039115 33.599469600012526 2.0 9.0 1.0 6227305.842135949 612714.9289606347 1.1488636363636364
59120.405783120004 2459120.9049028386 127.36613520886749 35.46613440848887 2.0 9.0 0.0 6224645.622439646 612440.0571685712 1.1488636363636364
59120.407079415 2459120.906199119 129.23280000686646 37.332799206487834 2.0 9.0 1.0 6226980.213880577 612679.7340754681 1.1488636363636364
59120.408375715 2459120.9074954037 131.09947200282477 39.19947120244615 2.0 9.0 0.0 6225044.558884369 612471.4448409645 1.1488636363636364
59120.40967201 2459120.908791683 132.96613680082373 41.06613600044511 2.0 9.0 1.0 6225991.9070640085 612583.1244759577 1.1488636363636364
59120.410968305 2459120.9100879612 134.8328015988227 42.93280079844408 2.0 9.0 0.0 6224287.331739749 612398.6372273731 1.1488636363636364
59120.4122646 2459120.9113842393 136.69946640729904 44.79946560692042 2.0 9.0 1.0 6225461.603389666 612529.2296815491 1.1488636363636364
59120.413560895 2459120.9126805165 138.566131205298 46.666130404919386 2.0 9.0 0.0 6224787.336926942 612441.5173319293 1.1488636363636364
59120.414857195 2459120.9139767997 140.43280320125632 48.5328024008777 2.0 9.0 1.0 6226201.506157056 612609.1718034957 1.1488636363636364
59120.44857238 2459120.947691755 188.9826696063392 1.865872802445665 2.0 10.0 0.0 6208516.401423086 610894.2378214702 1.1488636363636364
59120.449868675 2459120.9489880507 190.84933440433815 3.73253760044463 2.0 10.0 1.0 6214342.104111958 611474.0797376297 1.1488636363636364
59120.45116497 2459120.9502843465 192.71599920233712 5.599202398443595 2.0 10.0 0.0 6212668.792033688 611294.0686948051 1.1488636363636364
59120.452461265 2459120.951580642 194.58266400033608 7.465867196442559 2.0 10.0 1.0 6216959.091804105 611728.1008384028 1.1488636363636364
59120.453757565 2459120.9528769418 196.44933600677177 9.332539202878252 2.0 10.0 0.0 6214058.862104282 611425.6068971797 1.1488636363636364
59120.45505386 2459120.954173236 198.31600080477074 11.199204000877216 2.0 10.0 1.0 6217596.06181373 611775.8068617469 1.1488636363636364
59120.456350155 2459120.9554695305 200.1826656027697 13.065868798876181 2.0 10.0 0.0 6217659.035792399 611766.6587555145 1.1488636363636364
59120.457646455 2459120.9567658287 202.04933759872802 14.932540794834495 2.0 10.0 1.0 6218454.719590544 611864.2051533324 1.1488636363636364
59120.45894275 2459120.9580621207 203.91600240720436 16.79920560331084 2.0 10.0 0.0 6217474.056020563 611742.7412774756 1.1488636363636364
59120.460239045 2459120.959358412 205.78266720520332 18.665870401309803 2.0 10.0 1.0 6218465.057928698 611866.3573910345 1.1488636363636364
59120.46153534 2459120.9606547025 207.6493320032023 20.532535199308768 2.0 10.0 0.0 6216724.896539155 611668.3957535356 1.1488636363636364
59120.462831640005 2459120.961950997 209.51600400963798 22.39920720574446 2.0 10.0 1.0 6219446.194256901 611960.6883260498 1.1488636363636364
59120.464127935 2459120.9632472848 211.38266880763695 24.265872003743425 2.0 10.0 0.0 6219388.556631994 611926.8855893798 1.1488636363636364
59120.46542423 2459120.9645435717 213.2493336056359 26.13253680174239 2.0 10.0 1.0 6219801.876005222 611991.625472415 1.1488636363636364
59120.466720525 2459120.965839858 215.11599840363488 27.999201599741355 2.0 10.0 0.0 6218070.021045419 611801.9698142323 1.1488636363636364
59120.468016825 2459120.967136148 216.9826703995932 29.865873595699668 2.0 10.0 1.0 6219718.792788408 611985.7136048567 1.1488636363636364
59120.469313120004 2459120.968432431 218.84933520806953 31.73253840417601 2.0 10.0 0.0 6219188.327200289 611909.6371977655 1.1488636363636364
59120.470609415 2459120.969728714 220.7160000060685 33.59920320217498 2.0 10.0 1.0 6219679.39485931 611979.707597663 1.1488636363636364
59120.471905715 2459120.9710250003 222.5826720020268 35.46587519813329 2.0 10.0 0.0 6218590.3905303795 611856.7075368061 1.1488636363636364
59120.473202010005 2459120.972321281 224.44933681050315 37.332540006609634 2.0 10.0 1.0 6219643.171992873 611977.9859134102 1.1488636363636364
59120.474498305004 2459120.9736175607 226.31600160850212 39.1992048046086 2.0 10.0 0.0 6216911.2057084935 611682.5794840918 1.1488636363636364
59120.4757946 2459120.9749138397 228.18266640650108 41.06586960260756 2.0 10.0 1.0 6220357.549453379 612049.7327181405 1.1488636363636364
59120.477090895 2459120.9762101183 230.04933120450005 42.93253440060653 2.0 10.0 0.0 6218888.694997197 611884.7278446049 1.1488636363636364
59120.478387195 2459120.9775064015 231.91600320045836 44.79920639656484 2.0 10.0 1.0 6219523.940062636 611967.382506725 1.1488636363636364
59120.479683490004 2459120.9788026786 233.7826680089347 46.665871205041185 2.0 10.0 0.0 6220007.13008535 611986.7335824323 1.1488636363636364
59120.480979785 2459120.980098956 235.64933280693367 48.53253600304015 2.0 10.0 1.0 6220888.553832023 612090.8874307056 1.1488636363636364
59120.51469497 2459121.0138139124 284.19919920153916 1.865858396049589 2.0 11.0 0.0 6212176.418726182 611246.3373398434 1.1488636363636364
59120.515991265 2459121.015110208 286.0658639995381 3.7325231940485537 2.0 11.0 1.0 6216453.302294037 611676.4665865826 1.1488636363636364
59120.517287565 2459121.016406509 287.9325360059738 5.599195200484246 2.0 11.0 0.0 6216723.054026794 611675.5035646767 1.1488636363636364
59120.51858386 2459121.0177028044 289.7992008039728 7.465859998483211 2.0 11.0 1.0 6219396.219436989 611952.5901197616 1.1488636363636364
59120.519880155 2459121.0189991 291.66586560197175 9.332524796482176 2.0 11.0 0.0 6217473.2856903905 611748.3425104541 1.1488636363636364
59120.521176455004 2459121.0202953997 293.53253760840744 11.199196802917868 2.0 11.0 1.0 6219197.70942957 611936.646147029 1.1488636363636364
59120.52247275 2459121.0215916936 295.3992024064064 13.065861600916833 2.0 11.0 0.0 6218850.773740235 611876.2189746979 1.1488636363636364
59120.523769045 2459121.0228879866 297.26586720440537 14.932526398915797 2.0 11.0 1.0 6220436.642977063 612072.0985897846 1.1488636363636364
59120.52506534 2459121.024184279 299.13253200240433 16.799191196914762 2.0 11.0 0.0 6218504.251417901 611844.6960290968 1.1488636363636364
59120.526361640004 2459121.025480576 300.99920400884 18.665863203350455 2.0 11.0 1.0 6220890.967449947 612121.2554963076 1.1488636363636364
59120.527657935 2459121.026776866 302.865868806839 20.53252800134942 2.0 11.0 0.0 6219562.003427701 611946.7368747514 1.1488636363636364
59120.52895423 2459121.0280731553 304.73253360483795 22.399192799348384 2.0 11.0 1.0 6222215.705843216 612225.800164346 1.1488636363636364
59120.530250525 2459121.0293694437 306.5991984028369 24.26585759734735 2.0 11.0 0.0 6219402.350157576 611929.9957965954 1.1488636363636364
59120.531546825 2459121.0306657357 308.46587039879523 26.132529593305662 2.0 11.0 1.0 6221531.257538555 612166.0572936508 1.1488636363636364
59120.53284312 2459121.0319620213 310.3325352072716 27.999194401782006 2.0 11.0 0.0 6220793.186017562 612065.3938163146 1.1488636363636364
59120.534139415 2459121.033258306 312.19920000527054 29.86585919978097 2.0 11.0 1.0 6221691.505499827 612173.4195690097 1.1488636363636364
59120.535435715 2459121.034554595 314.06587200122885 31.732531195739284 2.0 11.0 0.0 6221294.291347592 612115.0427459677 1.1488636363636364
59120.536732010005 2459121.0358508774 315.9325368097052 33.59919600421563 2.0 11.0 1.0 6221459.145721759 612151.8303511653 1.1488636363636364
59120.538028305 2459121.0371471588 317.79920160770416 35.46586080221459 2.0 11.0 0.0 6220288.478126295 612014.5346462794 1.1488636363636364
59120.5393246 2459121.038443439 319.6658664057031 37.33252560021356 2.0 11.0 1.0 6221803.686647562 612187.405220319 1.1488636363636364
59120.540620895 2459121.0397397196 321.5325312037021 39.19919039821252 2.0 11.0 0.0 6219659.6319851205 611957.4081622036 1.1488636363636364
59120.541917195 2459121.0410360033 323.3992031996604 41.065862394170836 2.0 11.0 1.0 6222861.4682545485 612288.5095087445 1.1488636363636364
59120.543213490004 2459121.042332282 325.26586800813675 42.93252720264718 2.0 11.0 0.0 6221035.973630077 612083.7095931616 1.1488636363636364
59120.544509785 2459121.0436285594 327.1325328061357 44.799192000646144 2.0 11.0 1.0 6222056.5939698145 612202.5854320482 1.1488636363636364
59120.545806085 2459121.044924842 328.999204802094 46.66586399660446 2.0 11.0 0.0 6220346.527045737 612020.8252337521 1.1488636363636364
59120.547102380006 2459121.0462211194 330.86586961057037 48.5325288050808 2.0 11.0 1.0 6221933.798555456 612197.2816299964 1.1488636363636364
59178.899314755 2459179.3987022704 1.8658655940089375 1.8658655940089375 3.0 12.0 0.0 6150924.331206622 605346.4041606057 1.1488636363636364
59178.900611054996 2459179.399998604 3.732537589967251 3.732537589967251 3.0 12.0 1.0 6173425.343346288 607547.840250544 1.1488636363636364
59178.901907349995 2459179.401294932 5.599202387966216 5.599202387966216 3.0 12.0 0.0 6176153.016699351 607762.8208433468 1.1488636363636364
59178.903203645 2459179.4025912588 7.465867196442559 7.465867196442559 3.0 12.0 1.0 6187830.396032237 608934.5580790007 1.1488636363636364
59178.90449994 2459179.4038875857 9.332531994441524 9.332531994441524 3.0 12.0 0.0 6189172.175211791 609018.4193757392 1.1488636363636364
59178.905796235 2459179.405183911 11.199196792440489 11.199196792440489 3.0 12.0 1.0 6198771.138754901 609985.1385288133 1.1488636363636364
59178.907092535 2459179.4064802397 13.065868798876181 13.065868798876181 3.0 12.0 0.0 6198625.625255181 609925.833681912 1.1488636363636364
59178.90838883 2459179.407776562 14.932533596875146 14.932533596875146 3.0 12.0 1.0 6204446.772822868 610532.2948711002 1.1488636363636364
59178.909685125 2459179.4090728834 16.79919839487411 16.79919839487411 3.0 12.0 0.0 6203134.301180932 610360.0041782131 1.1488636363636364
59178.910981425 2459179.410369208 18.665870390832424 18.665870390832424 3.0 12.0 1.0 6207534.244843389 610826.6356799244 1.1488636363636364
59178.912277719995 2459179.4116655253 20.53253518883139 20.53253518883139 3.0 12.0 0.0 6207475.925493561 610783.9293486791 1.1488636363636364
59178.913574015 2459179.412961841 22.399199997307733 22.399199997307733 3.0 12.0 1.0 6211551.373778772 611189.3456155927 1.1488636363636364
59178.91487031 2459179.4142581555 24.265864795306697 24.265864795306697 3.0 12.0 0.0 6209366.779168324 610951.8825662101 1.1488636363636364
59178.91616661 2459179.4155544727 26.13253679126501 26.13253679126501 3.0 12.0 1.0 6215401.822931791 611581.9026789763 1.1488636363636364
59178.917462904996 2459179.4168507834 27.999201589263976 27.999201589263976 3.0 12.0 0.0 6212996.023654255 611311.2414074191 1.1488636363636364
59178.918759199994 2459179.418147092 29.86586638726294 29.86586638726294 3.0 12.0 1.0 6215906.805202461 611630.4642516428 1.1488636363636364
59178.920055495 2459179.4194433996 31.732531195739284 31.732531195739284 3.0 12.0 0.0 6212345.135713893 611239.0399757242 1.1488636363636364
59178.921351795 2459179.420739711 33.5992031916976 33.5992031916976 3.0 12.0 1.0 6217309.888966751 611764.0484861718 1.1488636363636364
59178.922648089996 2459179.422036015 35.46586798969656 35.46586798969656 3.0 12.0 0.0 6214533.10083843 611451.4221719089 1.1488636363636364
59178.923944385 2459179.423332318 37.332532798172906 37.332532798172906 3.0 12.0 1.0 6217893.008716364 611820.4332123487 1.1488636363636364
59178.925240685 2459179.4246286256 39.19920479413122 39.19920479413122 3.0 12.0 0.0 6215066.936238047 611499.5683811845 1.1488636363636364
59178.92653698 2459179.425924927 41.065869592130184 41.065869592130184 3.0 12.0 1.0 6218607.094833262 611891.2469837952 1.1488636363636364
59178.927833275 2459179.427221228 42.93253439012915 42.93253439012915 3.0 12.0 0.0 6216375.380507135 611633.7413942458 1.1488636363636364
59178.929129569995 2459179.428517528 44.799199188128114 44.799199188128114 3.0 12.0 1.0 6219981.898702909 612025.4703054718 1.1488636363636364
59178.96190735 2459179.4612957714 91.99920239509083 1.865872802445665 3.0 13.0 0.0 6203145.996611345 610355.2472445891 1.1488636363636364
59178.963203645 2459179.4625921003 93.8658671930898 3.73253760044463 3.0 13.0 1.0 6210737.670806652 611133.4296340275 1.1488636363636364
59178.964499940004 2459179.4638884296 95.73253200156614 5.5992024089209735 3.0 13.0 0.0 6210028.470710531 611017.5077104538 1.1488636363636364
59178.965796235 2459179.4651847584 97.5991967995651 7.465867206919938 3.0 13.0 1.0 6215838.6295456635 611597.5863492329 1.1488636363636364
59178.967092535 2459179.466481092 99.46586879552342 9.332539202878252 3.0 13.0 0.0 6212634.42244841 611266.5509882062 1.1488636363636364
59178.96838883 2459179.46777742 101.33253359352238 11.199204000877216 3.0 13.0 1.0 6216102.826509828 611643.0902547254 1.1488636363636364
59178.969685125 2459179.4690737473 103.19919839152135 13.065868798876181 3.0 13.0 0.0 6212734.033827883 611288.9655542539 1.1488636363636364
59178.970981425 2459179.4703700785 105.06587039795704 14.932540805311874 3.0 13.0 1.0 6217945.4227791885 611818.8390837023 1.1488636363636364
59178.97227772 2459179.4716664036 106.932535195956 16.79920560331084 3.0 13.0 0.0 6214805.096038608 611479.7299262477 1.1488636363636364
