run/run_2021-08-21_02-00-29_L-98-59_Hubble15856_spec/extracted_sp/bins12_2021-08-24_19-02-57/speclc1.483.txt
# %ECSV 0.9
# ---
# datatype:
# - {name: t_mjd, datatype: float64}
# - {name: t_bjd, datatype: float64}
# - {name: t_visit, datatype: float64}
# - {name: t_orbit, datatype: float64}
# - {name: ivisit, datatype: float64}
# - {name: iorbit, datatype: float64}
# - {name: scan, datatype: float64}
# - {name: spec_opt, datatype: float64}
# - {name: var_opt, datatype: float64}
# - {name: wave, datatype: float64}
# schema: astropy-2.0
t_mjd t_bjd t_visit t_orbit ivisit iorbit scan spec_opt var_opt wave
[from data line 346]
59178.974870310005 2459179.4742590496 110.66586480243132 20.532535209786147 3.0 13.0 0.0 7491707.528161558 734224.6685618986 1.4829545454545454
59178.976166609995 2459179.475555375 112.53253678791225 22.39920719526708 3.0 13.0 1.0 7488554.15986806 733986.1410705565 1.4829545454545454
59178.977462905 2459179.4768516943 114.3992015963886 24.265872003743425 3.0 13.0 0.0 7490699.433240489 734127.085833861 1.4829545454545454
59178.9787592 2459179.478148011 116.26586639438756 26.13253680174239 3.0 13.0 1.0 7489584.289708142 734081.5606734129 1.4829545454545454
59178.980055495 2459179.479444327 118.13253119238652 27.999201599741355 3.0 13.0 0.0 7492539.868044307 734306.4223668727 1.4829545454545454
59178.981351795 2459179.4807406454 119.99920319882222 29.865873606177047 3.0 13.0 1.0 7487898.905886151 733921.1263899175 1.4829545454545454
59178.98264809 2459179.4820369575 121.86586799682118 31.73253840417601 3.0 13.0 0.0 7491402.941688749 734193.5919013735 1.4829545454545454
59178.983944385 2459179.4833332673 123.73253279482014 33.59920320217498 3.0 13.0 1.0 7489791.2779466845 734101.6776556274 1.4829545454545454
59178.985240685 2459179.4846295808 125.59920479077846 35.46587519813329 3.0 13.0 0.0 7492713.125934721 734319.6334864849 1.4829545454545454
59178.986536979995 2459179.485925888 127.46586958877742 37.332539996132255 3.0 13.0 1.0 7489115.704138259 734036.8975453397 1.4829545454545454
59178.987833275 2459179.4872221933 129.33253439725377 39.1992048046086 3.0 13.0 0.0 7491918.509419163 734243.0457949471 1.4829545454545454
59178.98912957 2459179.4885184974 131.19919919525273 41.06586960260756 3.0 13.0 1.0 7489366.106610682 734060.3021078034 1.4829545454545454
59178.990425865 2459179.4898148007 133.0658639932517 42.93253440060653 3.0 13.0 0.0 7491376.065085908 734193.2380628431 1.4829545454545454
59178.991722164996 2459179.4911111076 134.93253598921 44.79920639656484 3.0 13.0 1.0 7489789.215091279 734106.1256533965 1.4829545454545454
59178.993018459994 2459179.4924074085 136.79920078720897 46.665871194563806 3.0 13.0 0.0 7491861.101114549 734240.3531395391 1.4829545454545454
59178.994314755 2459179.493703709 138.66586559568532 48.53253600304015 3.0 13.0 1.0 7488772.198835646 734008.3803087974 1.4829545454545454
59179.028087905 2459179.527477328 187.29920159094036 1.865872791968286 3.0 14.0 0.0 7470784.732803106 732210.4774481965 1.4829545454545454
59179.029384199996 2459179.528773657 189.16586638893932 3.732537589967251 3.0 14.0 1.0 7474865.344863566 732664.6354772092 1.4829545454545454
59179.030680494994 2459179.5300699864 191.0325311869383 5.599202387966216 3.0 14.0 0.0 7479080.253121345 733010.0899998114 1.4829545454545454
59179.031976795 2459179.5313663203 192.89920319337398 7.465874394401908 3.0 14.0 1.0 7477331.48179583 732900.3780486652 1.4829545454545454
59179.03327309 2459179.532662649 194.76586799137294 9.332539192400873 3.0 14.0 0.0 7480750.7326709125 733169.4702413292 1.4829545454545454
59179.034569384996 2459179.533958977 196.6325327893719 11.199203990399837 3.0 14.0 1.0 7479409.740340488 733099.9070921409 1.4829545454545454
59179.035865679994 2459179.5352553045 198.49919758737087 13.065868788398802 3.0 14.0 0.0 7481908.077547293 733280.3823611996 1.4829545454545454
59179.03716198 2459179.5365516357 200.36586959380656 14.932540794834495 3.0 14.0 1.0 7480683.338690253 733226.8480269026 1.4829545454545454
59179.038458275 2459179.537847961 202.23253439180553 16.79920559283346 3.0 14.0 0.0 7484612.72270976 733540.1944387777 1.4829545454545454
59179.039754569996 2459179.5391442846 204.0991991898045 18.665870390832424 3.0 14.0 1.0 7481963.52016925 733348.7521190036 1.4829545454545454
59179.04105087 2459179.5404406115 205.9658711962402 20.532542397268116 3.0 14.0 0.0 7482996.340846341 733387.8605917655 1.4829545454545454
59179.042347165 2459179.541736932 207.83253599423915 22.39920719526708 3.0 14.0 1.0 7481268.05916595 733282.970424978 1.4829545454545454
59179.04364346 2459179.5430332515 209.69920079223812 24.265871993266046 3.0 14.0 0.0 7483754.321735699 733460.7793910077 1.4829545454545454
59179.044939755 2459179.5443295687 211.56586559023708 26.13253679126501 3.0 14.0 1.0 7481410.298840098 733294.5459054904 1.4829545454545454
59179.046236049995 2459179.545625884 213.43253038823605 27.999201589263976 3.0 14.0 0.0 7483869.344222387 733469.9950733704 1.4829545454545454
59179.04753235 2459179.5469222027 215.29920239467174 29.865873595699668 3.0 14.0 1.0 7480201.918673343 733180.8670336432 1.4829545454545454
59179.048828645 2459179.548218515 217.1658671926707 31.732538393698633 3.0 14.0 0.0 7484054.814767391 733487.0719961086 1.4829545454545454
59179.05012494 2459179.5495148245 219.03253199066967 33.5992031916976 3.0 14.0 1.0 7481741.9890813455 733326.7334288947 1.4829545454545454
59179.05142124 2459179.550811138 220.89920399710536 35.46587519813329 3.0 14.0 0.0 7484248.142049305 733509.4013716407 1.4829545454545454
59179.052717535 2459179.5521074445 222.76586879510432 37.332539996132255 3.0 14.0 1.0 7481542.606034613 733309.5270809741 1.4829545454545454
59179.05401383 2459179.5534037505 224.6325335931033 39.19920479413122 3.0 14.0 0.0 7486062.788543994 733679.4862851854 1.4829545454545454
59179.055310125 2459179.554700054 226.49919839110225 41.065869592130184 3.0 14.0 1.0 7481793.138206439 733335.679019456 1.4829545454545454
59179.056606425 2459179.555996362 228.36587039753795 42.93254159856588 3.0 14.0 0.0 7484326.656591586 733512.9139928423 1.4829545454545454
59179.05790272 2459179.557292664 230.2325351955369 44.79920639656484 3.0 14.0 1.0 7481744.503570715 733332.9747016528 1.4829545454545454
59179.059199015 2459179.5585889653 232.09919999353588 46.665871194563806 3.0 14.0 0.0 7485106.114272188 733595.1893896699 1.4829545454545454
59179.06049531 2459179.559885266 233.96586479153484 48.53253599256277 3.0 14.0 1.0 7482093.536315888 733369.6701752435 1.4829545454545454
59179.09426846 2459179.5936588855 282.59920079726726 1.865872802445665 3.0 15.0 0.0 7473597.974214205 732481.6068225356 1.4829545454545454
59179.095564755 2459179.594955215 284.4658655952662 3.73253760044463 3.0 15.0 1.0 7476627.935109344 732833.1223119267 1.4829545454545454
59179.096861055004 2459179.5962515497 286.3325376017019 5.599209606880322 3.0 15.0 0.0 7480087.04326012 733103.6708465581 1.4829545454545454
59179.09815735 2459179.5975478785 288.1992023997009 7.465874404879287 3.0 15.0 1.0 7479370.77765391 733097.3060562771 1.4829545454545454
59179.099453645 2459179.5988442074 290.06586719769984 9.332539202878252 3.0 15.0 0.0 7482053.089297247 733294.6666371888 1.4829545454545454
59179.10074994 2459179.6001405357 291.9325319956988 11.199204000877216 3.0 15.0 1.0 7481788.376206824 733328.6244962605 1.4829545454545454
59179.102046235 2459179.6014368627 293.7991967936978 13.065868798876181 3.0 15.0 0.0 7485686.033758243 733639.475138578 1.4829545454545454
59179.103342535 2459179.6027331944 295.66586880013347 14.932540805311874 3.0 15.0 1.0 7483583.292901453 733503.4043285205 1.4829545454545454
59179.10463883 2459179.604029519 297.53253359813243 16.79920560331084 3.0 15.0 0.0 7485512.012456516 733653.5970651038 1.4829545454545454
59179.105935125 2459179.605325843 299.3991983961314 18.665870401309803 3.0 15.0 1.0 7483534.9406031445 733500.2156028119 1.4829545454545454
59179.107231425 2459179.6066221707 301.2658703920897 20.532542397268116 3.0 15.0 0.0 7485088.66602132 733585.1851759199 1.4829545454545454
59179.10852772 2459179.607918491 303.13253520056605 22.39920720574446 3.0 15.0 1.0 7483187.617794586 733461.7349020648 1.4829545454545454
59179.109824015 2459179.6092148097 304.999199998565 24.265872003743425 3.0 15.0 0.0 7486250.673284331 733695.3901505283 1.4829545454545454
59179.11112031 2459179.6105111274 306.865864796564 26.13253680174239 3.0 15.0 1.0 7483948.241670877 733540.0178612762 1.4829545454545454
59179.112416610005 2459179.611807448 308.7325368029997 27.999208808178082 3.0 15.0 0.0 7487587.209831876 733826.4453137392 1.4829545454545454
59179.113712905004 2459179.613103761 310.59920160099864 29.865873606177047 3.0 15.0 1.0 7484900.30143939 733633.5126778134 1.4829545454545454
59179.1150092 2459179.614400073 312.4658663989976 31.73253840417601 3.0 15.0 0.0 7486830.254641704 733751.8442573828 1.4829545454545454
59179.116305495 2459179.615696383 314.33253119699657 33.59920320217498 3.0 15.0 1.0 7484361.204786422 733580.7856914554 1.4829545454545454
59179.117601795 2459179.6169926967 316.1992031929549 35.46587519813329 3.0 15.0 0.0 7486894.646558618 733757.7497434283 1.4829545454545454
59179.118898090004 2459179.618289003 318.0658680014312 37.332540006609634 3.0 15.0 1.0 7483297.862079561 733480.4297512893 1.4829545454545454
59179.120194385 2459179.6195853082 319.9325327994302 39.1992048046086 3.0 15.0 0.0 7487822.388769957 733848.7869406873 1.4829545454545454
59179.121490685 2459179.620881617 321.7992047953885 41.06587680056691 3.0 15.0 1.0 7485565.166705152 733697.3097500819 1.4829545454545454
59179.12278698 2459179.6221779203 323.66586959338747 42.93254159856588 3.0 15.0 0.0 7486703.724704591 733744.290282985 1.4829545454545454
59179.124083275 2459179.623474222 325.53253439138643 44.79920639656484 3.0 15.0 1.0 7485192.730575756 733664.7837222521 1.4829545454545454
59179.12537957 2459179.624770523 327.3991991998628 46.665871205041185 3.0 15.0 0.0 7487089.353652885 733780.9576192925 1.4829545454545454
59179.126675865 2459179.6260668235 329.26586399786174 48.53253600304015 3.0 15.0 1.0 7486224.648539675 733766.7393167466 1.4829545454545454
59269.031274124995 2459269.53252416 1.8661391898058355 1.8661391898058355 4.0 16.0 0.0 7400478.25505632 725470.8972228408 1.4829545454545454
59269.03257042 2459269.5338204913 3.7328039982821792 3.7328039982821792 4.0 16.0 1.0 7431466.388883949 728492.500208079 1.4829545454545454
59269.033866715006 2459269.535116822 5.599468806758523 5.599468806758523 4.0 16.0 0.0 7442841.476915758 729537.3218856755 1.4829545454545454
59269.035163010005 2459269.536413152 7.466133604757488 7.466133604757488 4.0 16.0 1.0 7454871.853732967 730741.9124028696 1.4829545454545454
59269.036459309995 2459269.5377094857 9.332805590238422 9.332805590238422 4.0 16.0 0.0 7462742.550172044 731442.5266441982 1.4829545454545454
59269.03775560499 2459269.539005813 11.199470388237387 11.199470388237387 4.0 16.0 1.0 7466651.573611479 731869.7546867505 1.4829545454545454
59269.0390519 2459269.54030214 13.06613519671373 13.06613519671373 4.0 16.0 0.0 7471944.89743147 732327.837758605 1.4829545454545454
59269.040348195005 2459269.5415984653 14.932800005190074 14.932800005190074 4.0 16.0 1.0 7474872.689794585 732660.5009641225 1.4829545454545454
59269.041644494995 2459269.542894794 16.79947199067101 16.79947199067101 4.0 16.0 0.0 7479297.627997281 733032.2745767487 1.4829545454545454
59269.04294079 2459269.544191116 18.666136799147353 18.666136799147353 4.0 16.0 1.0 7481082.9455045145 733255.1244623462 1.4829545454545454
59269.04423708501 2459269.545487437 20.532801607623696 20.532801607623696 4.0 16.0 0.0 7484799.073025574 733558.082922747 1.4829545454545454
59269.045533380006 2459269.5467837555 22.39946640562266 22.39946640562266 4.0 16.0 1.0 7482417.139598878 733382.1680827485 1.4829545454545454
59269.046829679995 2459269.5480800774 24.266138391103595 24.266138391103595 4.0 16.0 0.0 7487034.896885809 733771.7732658823 1.4829545454545454
59269.048125789996 2459269.549376208 26.13253679126501 26.13253679126501 4.0 16.0 1.0 7485737.980335355 733698.9612149132 1.4829545454545454
59269.049422085 2459269.5506725213 27.999201599741355 27.999201599741355 4.0 16.0 0.0 7489454.625701627 733997.8990770445 1.4829545454545454
59269.050718385 2459269.551968838 29.865873595699668 29.865873595699668 4.0 16.0 1.0 7488027.382086384 733912.7463178505 1.4829545454545454
59269.05201468 2459269.5532651492 31.732538393698633 31.732538393698633 4.0 16.0 0.0 7491234.75083679 734169.0374611228 1.4829545454545454
59269.053310974996 2459269.5545614576 33.5992031916976 33.5992031916976 4.0 16.0 1.0 7488994.700207263 734005.4233563466 1.4829545454545454
59269.054607269994 2459269.555857765 35.46586798969656 35.46586798969656 4.0 16.0 0.0 7493356.648325054 734370.7225455486 1.4829545454545454
59269.055903565 2459269.557154072 37.332532798172906 37.332532798172906 4.0 16.0 1.0 7489089.741661682 734011.6415596261 1.4829545454545454
59269.057199865 2459269.558450382 39.19920479413122 39.19920479413122 4.0 16.0 0.0 7492899.694153769 734327.8510352601 1.4829545454545454
59269.058496159996 2459269.559746687 41.065869592130184 41.065869592130184 4.0 16.0 1.0 7488751.588997915 733980.0985187475 1.4829545454545454
59269.059792455 2459269.5610429905 42.93253440060653 42.93253440060653 4.0 16.0 0.0 7493576.417149978 734392.5524910325 1.4829545454545454
59269.061088755 2459269.562339299 44.79920639656484 44.79920639656484 4.0 16.0 1.0 7492546.74250789 734346.614362284 1.4829545454545454
59269.06238505 2459269.5636356026 46.665871194563806 46.665871194563806 4.0 16.0 0.0 7493396.991975141 734376.2724736481 1.4829545454545454
59269.063681345 2459269.5649319054 48.53253599256277 48.53253599256277 4.0 16.0 1.0 7492588.061067924 734349.1788585766 1.4829545454545454
59269.097373565004 2459269.5986247375 97.04933280358091 1.8658656044863164 4.0 17.0 0.0 7480019.230971398 733103.7845355243 1.4829545454545454
59269.098669865 2459269.5999210733 98.91600479953922 3.73253760044463 4.0 17.0 1.0 7482484.152605198 733370.4484944135 1.4829545454545454
59269.09996616 2459269.6012174035 100.78266959753819 5.599202398443595 4.0 17.0 0.0 7486589.047614974 733734.9312767133 1.4829545454545454
59269.101262455 2459269.6025137333 102.64933439553715 7.465867196442559 4.0 17.0 1.0 7485128.461262485 733647.7873160976 1.4829545454545454
59269.102558754996 2459269.6038100673 104.51600639149547 9.332539192400873 4.0 17.0 0.0 7488874.700095045 733950.591907429 1.4829545454545454
59269.103855049994 2459269.605106395 106.38267118949443 11.199203990399837 4.0 17.0 1.0 7486443.69523211 733770.744458234 1.4829545454545454
59269.105151345 2459269.6064027217 108.24933599797077 13.065868798876181 4.0 17.0 0.0 7492434.71677776 734288.2964329653 1.4829545454545454
59269.10644764 2459269.607699047 110.11600079596974 14.932533596875146 4.0 17.0 1.0 7489789.866470782 734089.7058235831 1.4829545454545454
59269.107743935 2459269.6089953706 111.9826655939687 16.79919839487411 4.0 17.0 0.0 7491154.811884037 734163.781685785 1.4829545454545454
59269.109040235 2459269.610291698 113.8493376004044 18.665870401309803 4.0 17.0 1.0 7490750.2487594625 734181.2587777947 1.4829545454545454
59269.11033653 2459269.611588018 115.71600239840336 20.532535199308768 4.0 17.0 0.0 7491174.318537894 734168.1829059904 1.4829545454545454
59269.111632825 2459269.612884337 117.58266719640233 22.399199997307733 4.0 17.0 1.0 7489075.312925331 734015.3412933244 1.4829545454545454
59269.112929124996 2459269.614180659 119.44933919236064 24.265871993266046 4.0 17.0 0.0 7493249.177723278 734366.9117671519 1.4829545454545454
59269.114225419995 2459269.6154769748 121.3160039903596 26.13253679126501 4.0 17.0 1.0 7490008.881473607 734105.5484554801 1.4829545454545454
59269.115521715 2459269.616773288 123.18266879883595 27.999201599741355 4.0 17.0 0.0 7491371.677206031 734181.8979558797 1.4829545454545454
59269.11681801 2459269.6180696 125.04933359683491 29.86586639774032 4.0 17.0 1.0 7490177.585139797 734123.505607774 1.4829545454545454
59269.11811431 2459269.619365915 126.91600559279323 31.732538393698633 4.0 17.0 0.0 7494665.904379781 734498.9955722566 1.4829545454545454
59269.119410605 2459269.6206622245 128.78267040126957 33.59920320217498 4.0 17.0 1.0 7490610.204564574 734162.9920347829 1.4829545454545454
59269.1207069 2459269.6219585324 130.64933519926853 35.46586800017394 4.0 17.0 0.0 7494623.223047737 734491.941384879 1.4829545454545454
59269.122003195 2459269.6232548384 132.5159999972675 37.332532798172906 4.0 17.0 1.0 7490508.937360275 734150.1380990432 1.4829545454545454
