run/run_2021-08-21_02-00-29_L-98-59_Hubble15856_spec/extracted_sp/bins12_2021-08-24_19-02-57/speclc1.292.txt
# %ECSV 0.9
# ---
# datatype:
# - {name: t_mjd, datatype: float64}
# - {name: t_bjd, datatype: float64}
# - {name: t_visit, datatype: float64}
# - {name: t_orbit, datatype: float64}
# - {name: ivisit, datatype: float64}
# - {name: iorbit, datatype: float64}
# - {name: scan, datatype: float64}
# - {name: spec_opt, datatype: float64}
# - {name: var_opt, datatype: float64}
# - {name: wave, datatype: float64}
# schema: astropy-2.0
t_mjd t_bjd t_visit t_orbit ivisit iorbit scan spec_opt var_opt wave
[from data line 116]
58946.853231695 2458947.354919579 24.265864805784076 24.265864805784076 1.0 4.0 0.0 7987080.127220609 783048.4737106184 1.2920454545454545
58946.85452799 2458947.356215875 26.13252960378304 26.13252960378304 1.0 4.0 1.0 7993274.7043723725 783672.0641099435 1.2920454545454545
58946.85582429 2458947.3575121756 27.999201610218734 27.999201610218734 1.0 4.0 0.0 7990180.665459604 783351.2235253698 1.2920454545454545
58946.857120585 2458947.35880847 29.8658664082177 29.8658664082177 1.0 4.0 1.0 7993076.697223287 783652.8518258615 1.2920454545454545
58946.85841688 2458947.3601047634 31.732531206216663 31.732531206216663 1.0 4.0 0.0 7992418.983158023 783569.025606543 1.2920454545454545
58946.859713175 2458947.361401056 33.59919600421563 33.59919600421563 1.0 4.0 1.0 7994773.819405786 783821.9452167707 1.2920454545454545
58946.861009475004 2458947.3626973527 35.46586801065132 35.46586801065132 1.0 4.0 0.0 7991697.81281455 783501.8284113677 1.2920454545454545
58946.86230577 2458947.3639936442 37.332532808650285 37.332532808650285 1.0 4.0 1.0 7996307.270918298 783968.687448903 1.2920454545454545
58946.863602065 2458947.3652899344 39.19919760664925 39.19919760664925 1.0 4.0 0.0 7991217.145868272 783451.3901073186 1.2920454545454545
58946.86489836 2458947.3665862246 41.065862404648215 41.065862404648215 1.0 4.0 1.0 7995447.205972624 783882.2144928573 1.2920454545454545
58946.866194660004 2458947.3678825195 42.93253441108391 42.93253441108391 1.0 4.0 0.0 7991592.692042733 783484.2577166912 1.2920454545454545
58946.867490955 2458947.3691788097 44.79919920908287 44.79919920908287 1.0 4.0 1.0 7997184.763054595 784045.6493493157 1.2920454545454545
58946.86878725 2458947.370475099 46.66586400708184 46.66586400708184 1.0 4.0 0.0 7994399.432879502 783753.7477378639 1.2920454545454545
58946.870083545 2458947.3717713887 48.5325288050808 48.5325288050808 1.0 4.0 1.0 7995529.025018894 783881.1753227307 1.2920454545454545
58946.900754845 2458947.4024427715 92.69920080900192 1.8658656044863164 1.0 5.0 0.0 7978807.5550431525 782260.03713119 1.2920454545454545
58946.90205114 2458947.4037390784 94.56586560700089 3.7325304024852812 1.0 5.0 1.0 7986554.861366999 783034.7281492583 1.2920454545454545
58946.903347435 2458947.4050353845 96.43253040499985 5.599195200484246 1.0 5.0 0.0 7985159.089531359 782875.4580555061 1.2920454545454545
58946.904643735004 2458947.4063316956 98.29920241143554 7.465867206919938 1.0 5.0 1.0 7990324.742356337 783397.3039580366 1.2920454545454545
58946.90594003 2458947.4076280016 100.16586720943451 9.332532004918903 1.0 5.0 0.0 7987445.41394157 783092.2976732017 1.2920454545454545
58946.907236325 2458947.408924307 102.03253200743347 11.199196802917868 1.0 5.0 1.0 7991708.377687412 783527.2029793729 1.2920454545454545
58946.90853262 2458947.410220612 103.89919680543244 13.065861600916833 1.0 5.0 0.0 7988846.963870144 783230.7249718948 1.2920454545454545
58946.909828915 2458947.411516916 105.7658616034314 14.932526398915797 1.0 5.0 1.0 7991414.10562249 783504.4362758888 1.2920454545454545
58946.911125215 2458947.4128132244 107.6325336098671 16.79919840535149 1.0 5.0 0.0 7990352.192386634 783369.5811893156 1.2920454545454545
58946.91242151 2458947.414109527 109.49919840786606 18.665863203350455 1.0 5.0 1.0 7992432.166771115 783598.5004741441 1.2920454545454545
58946.913717805 2458947.415405829 111.36586320586503 20.53252800134942 1.0 5.0 0.0 7991602.772128843 783491.849528979 1.2920454545454545
58946.915014105 2458947.4167021345 113.23253520182334 22.399199997307733 1.0 5.0 1.0 7992401.286553681 783597.2934893817 1.2920454545454545
58946.9163104 2458947.417998434 115.09920001029968 24.265864805784076 1.0 5.0 0.0 7992209.611343866 783548.0284771972 1.2920454545454545
58946.917606695 2458947.419294733 116.96586480829865 26.13252960378304 1.0 5.0 1.0 7992946.585824752 783641.7764610898 1.2920454545454545
58946.91890299 2458947.4205910307 118.83252960629761 27.999194401782006 1.0 5.0 0.0 7991123.750995924 783439.8194775141 1.2920454545454545
58946.920199285 2458947.421887327 120.69919440429658 29.86585919978097 1.0 5.0 1.0 7994720.488973376 783812.7499307315 1.2920454545454545
58946.921495585004 2458947.4231836274 122.56586641073227 31.732531206216663 1.0 5.0 0.0 7991258.77498914 783452.2151862186 1.2920454545454545
58946.92279188 2458947.4244799227 124.43253120873123 33.59919600421563 1.0 5.0 1.0 7993748.030110784 783721.3415869018 1.2920454545454545
58946.924088175 2458947.425776216 126.2991960067302 35.46586080221459 1.0 5.0 0.0 7990141.926196599 783345.7897455978 1.2920454545454545
58946.925384475 2458947.427072514 128.1658680026885 37.332532798172906 1.0 5.0 1.0 7992633.0026556635 783611.7650656762 1.2920454545454545
58946.926680770004 2458947.428368806 130.03253281116486 39.19919760664925 1.0 5.0 0.0 7992500.973493972 783572.2003358871 1.2920454545454545
58946.927977065 2458947.4296650975 131.89919760916382 41.065862404648215 1.0 5.0 1.0 7994105.9606355075 783753.6798139412 1.2920454545454545
58946.92927336 2458947.4309613886 133.76586240716279 42.93252720264718 1.0 5.0 0.0 7991015.962309671 783430.6583866146 1.2920454545454545
58946.930569660006 2458947.432257684 135.63253441359848 44.79919920908287 1.0 5.0 1.0 7992957.6795314 783646.860076944 1.2920454545454545
58946.931865955004 2458947.4335539737 137.49919921159744 46.66586400708184 1.0 5.0 0.0 7990115.038512034 783349.0597750007 1.2920454545454545
58946.93316225 2458947.434850264 139.3658640095964 48.5325288050808 1.0 5.0 1.0 7993140.460925453 783660.7583570674 1.2920454545454545
58946.966831325 2458947.4685194087 187.84933200571686 1.865872791968286 1.0 6.0 0.0 7971997.768520819 781609.5573945037 1.2920454545454545
58946.96812762 2458947.4698157148 189.71599680371583 3.732537589967251 1.0 6.0 1.0 7979557.945015733 782364.1765885631 1.2920454545454545
58946.96942392 2458947.471112026 191.58266881015152 5.599209596402943 1.0 6.0 0.0 7978164.029264965 782205.3527335475 1.2920454545454545
58946.970720215 2458947.472408332 193.44933360815048 7.465874394401908 1.0 6.0 1.0 7983301.876770798 782717.9633116514 1.2920454545454545
58946.97201651 2458947.473704638 195.31599840614945 9.332539192400873 1.0 6.0 0.0 7980323.255165827 782409.826312375 1.2920454545454545
58946.973312805 2458947.475000943 197.1826632041484 11.199203990399837 1.0 6.0 1.0 7983134.57580827 782706.2699119286 1.2920454545454545
58946.9746091 2458947.4762972477 199.04932800214738 13.065868788398802 1.0 6.0 0.0 7983801.175611987 782740.5946212658 1.2920454545454545
58946.9759054 2458947.477593557 200.91600000858307 14.932540794834495 1.0 6.0 1.0 7984176.764885443 782801.3935194624 1.2920454545454545
58946.977201695 2458947.4788898607 202.78266480658203 16.79920559283346 1.0 6.0 0.0 7984765.269891789 782834.2626639915 1.2920454545454545
58946.97849799 2458947.480186163 204.649329604581 18.665870390832424 1.0 6.0 1.0 7984573.497844564 782838.8987108306 1.2920454545454545
58946.979794290004 2458947.4814824695 206.5160016110167 20.532542397268116 1.0 6.0 0.0 7983488.609485372 782709.9545187642 1.2920454545454545
58946.981090585 2458947.48277877 208.38266640901566 22.39920719526708 1.0 6.0 1.0 7985738.060459986 782957.2262748274 1.2920454545454545
58946.98238688 2458947.48407507 210.24933120701462 24.265871993266046 1.0 6.0 0.0 7984373.486738531 782793.3450188555 1.2920454545454545
58946.983683175 2458947.4853713685 212.11599600501359 26.13253679126501 1.0 6.0 1.0 7986659.529915282 783020.748276133 1.2920454545454545
58946.984979475004 2458947.4866676712 213.98266801144928 27.999208797700703 1.0 6.0 0.0 7983792.256784284 782734.1242093054 1.2920454545454545
58946.98627577 2458947.4879639675 215.84933280944824 29.865873595699668 1.0 6.0 1.0 7987654.538672611 783136.906516853 1.2920454545454545
58946.987572065 2458947.4892602633 217.7159976074472 31.732538393698633 1.0 6.0 0.0 7983775.465209441 782732.6666975385 1.2920454545454545
58946.98886836 2458947.490556558 219.58266240544617 33.5992031916976 1.0 6.0 1.0 7987010.562840885 783071.311212788 1.2920454545454545
58946.990164660005 2458947.4918528567 221.44933441188186 35.46587519813329 1.0 6.0 0.0 7985934.1774532655 782935.8024227374 1.2920454545454545
58946.991460955 2458947.4931491497 223.31599920988083 37.332539996132255 1.0 6.0 1.0 7989579.4104446005 783317.2733127122 1.2920454545454545
58946.99275725 2458947.4944454418 225.1826640078798 39.19920479413122 1.0 6.0 0.0 7989925.362155601 783324.8913814701 1.2920454545454545
58946.994053545 2458947.4957417333 227.04932880587876 41.065869592130184 1.0 6.0 1.0 7991107.7681332845 783465.0716177623 1.2920454545454545
58946.995349845005 2458947.497038029 228.91600081231445 42.93254159856588 1.0 6.0 0.0 7989395.440542343 783274.5903588331 1.2920454545454545
58946.99664614 2458947.4983343193 230.78266561031342 44.79920639656484 1.0 6.0 1.0 7989581.847577049 783322.7211871239 1.2920454545454545
58946.997942435 2458947.49963061 232.64933040831238 46.665871194563806 1.0 6.0 0.0 7988987.992449824 783237.2301191356 1.2920454545454545
58946.99923873 2458947.5009268997 234.51599520631135 48.53253599256277 1.0 6.0 1.0 7991600.234002329 783514.4625462794 1.2920454545454545
58947.03290762 2458947.5345958583 282.99919680459425 1.8658656044863164 1.0 7.0 0.0 7977831.516081724 782169.5184767727 1.2920454545454545
58947.034203920004 2458947.5358921695 284.86586881102994 3.7325376109220088 1.0 7.0 1.0 7983378.544641312 782733.4274853049 1.2920454545454545
58947.035500215 2458947.5371884755 286.7325336090289 5.5992024089209735 1.0 7.0 0.0 7984234.49291614 782789.2352181337 1.2920454545454545
58947.03679651 2458947.538484782 288.59919840702787 7.465867206919938 1.0 7.0 1.0 7986889.05568188 783066.4867726617 1.2920454545454545
58947.038092805 2458947.5397810875 290.46586320502684 9.332532004918903 1.0 7.0 0.0 7985721.914046147 782927.6997588339 1.2920454545454545
58947.0393891 2458947.5410773926 292.3325280030258 11.199196802917868 1.0 7.0 1.0 7987461.2521049 783120.1994013416 1.2920454545454545
58947.0406854 2458947.542373702 294.1992000094615 13.06586880935356 1.0 7.0 0.0 7986943.618492938 783047.3201800789 1.2920454545454545
58947.041981695 2458947.5436700066 296.06586480746046 14.932533607352525 1.0 7.0 1.0 7989370.283731413 783305.9731392193 1.2920454545454545
58947.04327799 2458947.5449663093 297.9325296054594 16.79919840535149 1.0 7.0 0.0 7987633.48716218 783109.9556153254 1.2920454545454545
58947.044574290005 2458947.5462626168 299.7992016118951 18.665870411787182 1.0 7.0 1.0 7992324.785559205 783589.9240424674 1.2920454545454545
58947.045870585 2458947.5475589186 301.6658664098941 20.532535209786147 1.0 7.0 0.0 7987577.807335341 783101.8052003981 1.2920454545454545
58947.04716688 2458947.5488552195 303.53253120789304 22.39920000778511 1.0 7.0 1.0 7992380.519884516 783592.5027669551 1.2920454545454545
58947.048463175 2458947.550151519 305.399196005892 24.265864805784076 1.0 7.0 0.0 7987109.78654983 783059.7705977935 1.2920454545454545
58947.049759475005 2458947.5514478222 307.2658680123277 26.13253681221977 1.0 7.0 1.0 7991128.031719739 783475.8910348632 1.2920454545454545
58947.05105577 2458947.55274412 309.13253281032667 27.999201610218734 1.0 7.0 0.0 7987327.475972905 783083.8492372015 1.2920454545454545
58947.052352065 2458947.5540404166 310.99919760832563 29.8658664082177 1.0 7.0 1.0 7991562.308014847 783513.6479653986 1.2920454545454545
58947.05364836 2458947.5553367124 312.8658624063246 31.732531206216663 1.0 7.0 0.0 7989400.046713867 783280.8290631353 1.2920454545454545
58947.054944660005 2458947.556633012 314.7325344127603 33.599203212652355 1.0 7.0 1.0 7992660.274631598 783613.5169903921 1.2920454545454545
58947.056240955004 2458947.5579293054 316.59919921075925 35.46586801065132 1.0 7.0 0.0 7989264.555831438 783260.2628590873 1.2920454545454545
58947.05753725 2458947.559225599 318.4658640087582 37.332532808650285 1.0 7.0 1.0 7991005.602134771 783452.4637110734 1.2920454545454545
58947.058833545 2458947.560521891 320.3325288067572 39.19919760664925 1.0 7.0 0.0 7990381.48701698 783372.0282852415 1.2920454545454545
58947.060129845006 2458947.5618181876 322.1992008131929 41.06586961308494 1.0 7.0 1.0 7989919.529805544 783353.2339215613 1.2920454545454545
58947.061426140004 2458947.5631144783 324.06586561119184 42.93253441108391 1.0 7.0 0.0 7989388.122836257 783279.7299738277 1.2920454545454545
58947.062722435 2458947.564410769 325.9325304091908 44.79919920908287 1.0 7.0 1.0 7989692.578996851 783327.9461594593 1.2920454545454545
58947.06401873 2458947.565707059 327.79919520718977 46.66586400708184 1.0 7.0 0.0 7988358.838568321 783176.1530101374 1.2920454545454545
58947.065315030006 2458947.567003354 329.66586721362546 48.53253601351753 1.0 7.0 1.0 7991444.973090411 783499.9740785655 1.2920454545454545
59120.318630155 2459120.8177504004 1.8658656044863164 1.8658656044863164 2.0 8.0 0.0 7925341.945505068 777134.0233394153 1.2920454545454545
59120.319926455 2459120.819046701 3.73253760044463 3.73253760044463 2.0 8.0 1.0 7947478.322825351 779284.3250008661 1.2920454545454545
59120.321222750004 2459120.8203429957 5.5992024089209735 5.5992024089209735 2.0 8.0 0.0 7948956.036042109 779400.9092089226 1.2920454545454545
59120.322519045 2459120.82163929 7.465867206919938 7.465867206919938 2.0 8.0 1.0 7962538.726964419 780732.6214757477 1.2920454545454545
59120.32381534 2459120.822935584 9.332532004918903 9.332532004918903 2.0 8.0 0.0 7960910.828353929 780547.9533764241 1.2920454545454545
59120.32511164 2459120.824231882 11.199204000877216 11.199204000877216 2.0 8.0 1.0 7971906.003064783 781625.1551991968 1.2920454545454545
59120.326407935 2459120.8255281746 13.065868798876181 13.065868798876181 2.0 8.0 0.0 7968796.523413397 781304.4642261709 1.2920454545454545
59120.32770423 2459120.8268244658 14.932533607352525 14.932533607352525 2.0 8.0 1.0 7976263.696340057 782047.2969917089 1.2920454545454545
59120.329000525 2459120.8281207564 16.79919840535149 16.79919840535149 2.0 8.0 0.0 7974136.915781042 781816.8932504574 1.2920454545454545
59120.330296825 2459120.829417051 18.665870401309803 18.665870401309803 2.0 8.0 1.0 7981516.158397799 782555.3837710196 1.2920454545454545
59120.331593120005 2459120.830713339 20.532535209786147 20.532535209786147 2.0 8.0 0.0 7979016.449378948 782290.4427636996 1.2920454545454545
59120.332889415 2459120.832009626 22.39920000778511 22.39920000778511 2.0 8.0 1.0 7984620.953126607 782854.0775754672 1.2920454545454545
59120.334185715 2459120.833305917 24.265872003743425 24.265872003743425 2.0 8.0 0.0 7980312.243925539 782415.2955747349 1.2920454545454545
59120.33548201 2459120.8346022028 26.13253680174239 26.13253680174239 2.0 8.0 1.0 7985286.847276689 782920.4016772046 1.2920454545454545
59120.336778305 2459120.8358984864 27.999201599741355 27.999201599741355 2.0 8.0 0.0 7981755.033006863 782551.3881971426 1.2920454545454545
59120.338074600004 2459120.837194769 29.8658664082177 29.8658664082177 2.0 8.0 1.0 7987119.589106975 783093.2952089484 1.2920454545454545
59120.339370895 2459120.838491051 31.732531206216663 31.732531206216663 2.0 8.0 0.0 7984229.109103121 782791.2379611897 1.2920454545454545
59120.340667195 2459120.839787337 33.59920320217498 33.59920320217498 2.0 8.0 1.0 7988272.76928039 783208.4574359715 1.2920454545454545
59120.341963490006 2459120.841083617 35.46586801065132 35.46586801065132 2.0 8.0 0.0 7986421.3675510185 783001.7722088259 1.2920454545454545
59120.343259785004 2459120.842379896 37.332532808650285 37.332532808650285 2.0 8.0 1.0 7987842.575394965 783162.4723852274 1.2920454545454545
59120.344556085 2459120.8436761796 39.1992048046086 39.1992048046086 2.0 8.0 0.0 7984749.897340637 782840.6092103438 1.2920454545454545
59120.34585238 2459120.844972458 41.06586960260756 41.06586960260756 2.0 8.0 1.0 7989188.449447511 783283.2713923936 1.2920454545454545
59120.347148675 2459120.846268736 42.93253440060653 42.93253440060653 2.0 8.0 0.0 7986024.305840168 782960.8979968508 1.2920454545454545
