run/run_2021-08-21_02-00-29_L-98-59_Hubble15856_spec/extracted_sp/bins12_2021-08-24_19-02-57/speclc1.435.txt
# %ECSV 0.9
# ---
# datatype:
# - {name: t_mjd, datatype: float64}
# - {name: t_bjd, datatype: float64}
# - {name: t_visit, datatype: float64}
# - {name: t_orbit, datatype: float64}
# - {name: ivisit, datatype: float64}
# - {name: iorbit, datatype: float64}
# - {name: scan, datatype: float64}
# - {name: spec_opt, datatype: float64}
# - {name: var_opt, datatype: float64}
# - {name: wave, datatype: float64}
# schema: astropy-2.0
t_mjd t_bjd t_visit t_orbit ivisit iorbit scan spec_opt var_opt wave
[from data line 346]
59178.974870310005 2459179.4742590496 110.66586480243132 20.532535209786147 3.0 13.0 0.0 7635584.879803298 748018.8856071386 1.4352272727272728
59178.976166609995 2459179.475555375 112.53253678791225 22.39920719526708 3.0 13.0 1.0 7640441.0219506 748539.8758871909 1.4352272727272728
59178.977462905 2459179.4768516943 114.3992015963886 24.265872003743425 3.0 13.0 0.0 7635918.602376022 748053.3135291771 1.4352272727272728
59178.9787592 2459179.478148011 116.26586639438756 26.13253680174239 3.0 13.0 1.0 7642155.632914176 748702.5469497199 1.4352272727272728
59178.980055495 2459179.479444327 118.13253119238652 27.999201599741355 3.0 13.0 0.0 7636740.598145857 748132.2925921457 1.4352272727272728
59178.981351795 2459179.4807406454 119.99920319882222 29.865873606177047 3.0 13.0 1.0 7639615.58528465 748459.6110259456 1.4352272727272728
59178.98264809 2459179.4820369575 121.86586799682118 31.73253840417601 3.0 13.0 0.0 7635109.76426794 747975.4006827677 1.4352272727272728
59178.983944385 2459179.4833332673 123.73253279482014 33.59920320217498 3.0 13.0 1.0 7640982.872265329 748594.0017674163 1.4352272727272728
59178.985240685 2459179.4846295808 125.59920479077846 35.46587519813329 3.0 13.0 0.0 7636480.138526105 748107.8855231314 1.4352272727272728
59178.986536979995 2459179.485925888 127.46586958877742 37.332539996132255 3.0 13.0 1.0 7639058.126008198 748406.6450264859 1.4352272727272728
59178.987833275 2459179.4872221933 129.33253439725377 39.1992048046086 3.0 13.0 0.0 7636108.1695317505 748070.9543064429 1.4352272727272728
59178.98912957 2459179.4885184974 131.19919919525273 41.06586960260756 3.0 13.0 1.0 7640070.38286216 748500.5249873031 1.4352272727272728
59178.990425865 2459179.4898148007 133.0658639932517 42.93253440060653 3.0 13.0 0.0 7634944.379163644 747962.2754760713 1.4352272727272728
59178.991722164996 2459179.4911111076 134.93253598921 44.79920639656484 3.0 13.0 1.0 7640665.032649009 748561.8296536515 1.4352272727272728
59178.993018459994 2459179.4924074085 136.79920078720897 46.665871194563806 3.0 13.0 0.0 7636319.250283111 748092.719358107 1.4352272727272728
59178.994314755 2459179.493703709 138.66586559568532 48.53253600304015 3.0 13.0 1.0 7640073.966580797 748511.8005135191 1.4352272727272728
59179.028087905 2459179.527477328 187.29920159094036 1.865872791968286 3.0 14.0 0.0 7615644.016845864 746102.0858106483 1.4352272727272728
59179.029384199996 2459179.528773657 189.16586638893932 3.732537589967251 3.0 14.0 1.0 7625250.146030751 747075.5948086415 1.4352272727272728
59179.030680494994 2459179.5300699864 191.0325311869383 5.599202387966216 3.0 14.0 0.0 7623311.448766112 746841.3058060083 1.4352272727272728
59179.031976795 2459179.5313663203 192.89920319337398 7.465874394401908 3.0 14.0 1.0 7627416.84588777 747284.4562411712 1.4352272727272728
59179.03327309 2459179.532662649 194.76586799137294 9.332539192400873 3.0 14.0 0.0 7625523.616864194 747053.5806095308 1.4352272727272728
59179.034569384996 2459179.533958977 196.6325327893719 11.199203990399837 3.0 14.0 1.0 7628485.142359004 747382.5816751143 1.4352272727272728
59179.035865679994 2459179.5352553045 198.49919758737087 13.065868788398802 3.0 14.0 0.0 7627146.351362288 747209.9809544602 1.4352272727272728
59179.03716198 2459179.5365516357 200.36586959380656 14.932540794834495 3.0 14.0 1.0 7630620.386713288 747593.0287387451 1.4352272727272728
59179.038458275 2459179.537847961 202.23253439180553 16.79920559283346 3.0 14.0 0.0 7626371.74135893 747135.2845973355 1.4352272727272728
59179.039754569996 2459179.5391442846 204.0991991898045 18.665870390832424 3.0 14.0 1.0 7631984.199966973 747728.1928278665 1.4352272727272728
59179.04105087 2459179.5404406115 205.9658711962402 20.532542397268116 3.0 14.0 0.0 7627541.734880903 747249.8848144735 1.4352272727272728
59179.042347165 2459179.541736932 207.83253599423915 22.39920719526708 3.0 14.0 1.0 7631371.275931602 747668.4816698086 1.4352272727272728
59179.04364346 2459179.5430332515 209.69920079223812 24.265871993266046 3.0 14.0 0.0 7627905.959350127 747283.8872998763 1.4352272727272728
59179.044939755 2459179.5443295687 211.56586559023708 26.13253679126501 3.0 14.0 1.0 7632714.619499951 747796.6487883638 1.4352272727272728
59179.046236049995 2459179.545625884 213.43253038823605 27.999201589263976 3.0 14.0 0.0 7626932.65799247 747186.40798131 1.4352272727272728
59179.04753235 2459179.5469222027 215.29920239467174 29.865873595699668 3.0 14.0 1.0 7633181.189672913 747842.4295344544 1.4352272727272728
59179.048828645 2459179.548218515 217.1658671926707 31.732538393698633 3.0 14.0 0.0 7628552.766249312 747344.0673816516 1.4352272727272728
59179.05012494 2459179.5495148245 219.03253199066967 33.5992031916976 3.0 14.0 1.0 7632215.559873805 747751.0911449059 1.4352272727272728
59179.05142124 2459179.550811138 220.89920399710536 35.46587519813329 3.0 14.0 0.0 7629891.302137805 747474.7163533942 1.4352272727272728
59179.052717535 2459179.5521074445 222.76586879510432 37.332539996132255 3.0 14.0 1.0 7633213.398990531 747843.6443175697 1.4352272727272728
59179.05401383 2459179.5534037505 224.6325335931033 39.19920479413122 3.0 14.0 0.0 7627635.058898073 747256.4687007015 1.4352272727272728
59179.055310125 2459179.554700054 226.49919839110225 41.065869592130184 3.0 14.0 1.0 7634304.68436154 747951.8836443739 1.4352272727272728
59179.056606425 2459179.555996362 228.36587039753795 42.93254159856588 3.0 14.0 0.0 7629582.764048664 747443.9177323135 1.4352272727272728
59179.05790272 2459179.557292664 230.2325351955369 44.79920639656484 3.0 14.0 1.0 7632399.714023641 747769.3150989724 1.4352272727272728
59179.059199015 2459179.5585889653 232.09919999353588 46.665871194563806 3.0 14.0 0.0 7630125.11456643 747499.5334898137 1.4352272727272728
59179.06049531 2459179.559885266 233.96586479153484 48.53253599256277 3.0 14.0 1.0 7633174.902119705 747850.6599060786 1.4352272727272728
59179.09426846 2459179.5936588855 282.59920079726726 1.865872802445665 3.0 15.0 0.0 7617830.153428883 746310.1284092149 1.4352272727272728
59179.095564755 2459179.594955215 284.4658655952662 3.73253760044463 3.0 15.0 1.0 7628025.10216692 747342.1038184046 1.4352272727272728
59179.096861055004 2459179.5962515497 286.3325376017019 5.599209606880322 3.0 15.0 0.0 7626594.406108365 747151.5039569912 1.4352272727272728
59179.09815735 2459179.5975478785 288.1992023997009 7.465874404879287 3.0 15.0 1.0 7632030.514567923 747726.9222393298 1.4352272727272728
59179.099453645 2459179.5988442074 290.06586719769984 9.332539202878252 3.0 15.0 0.0 7626966.879639549 747191.4032325175 1.4352272727272728
59179.10074994 2459179.6001405357 291.9325319956988 11.199204000877216 3.0 15.0 1.0 7631655.294025935 747686.4716092555 1.4352272727272728
59179.102046235 2459179.6014368627 293.7991967936978 13.065868798876181 3.0 15.0 0.0 7629341.66523296 747417.5943389385 1.4352272727272728
59179.103342535 2459179.6027331944 295.66586880013347 14.932540805311874 3.0 15.0 1.0 7633699.578143755 747888.7075495626 1.4352272727272728
59179.10463883 2459179.604029519 297.53253359813243 16.79920560331084 3.0 15.0 0.0 7630809.670859972 747583.7646333242 1.4352272727272728
59179.105935125 2459179.605325843 299.3991983961314 18.665870401309803 3.0 15.0 1.0 7632568.5825507445 747781.9546613371 1.4352272727272728
59179.107231425 2459179.6066221707 301.2658703920897 20.532542397268116 3.0 15.0 0.0 7630735.061359757 747551.8540079198 1.4352272727272728
59179.10852772 2459179.607918491 303.13253520056605 22.39920720574446 3.0 15.0 1.0 7634462.336302457 747962.750192691 1.4352272727272728
59179.109824015 2459179.6092148097 304.999199998565 24.265872003743425 3.0 15.0 0.0 7631147.745436415 747591.0181420003 1.4352272727272728
59179.11112031 2459179.6105111274 306.865864796564 26.13253680174239 3.0 15.0 1.0 7636307.903721391 748140.8433437932 1.4352272727272728
59179.112416610005 2459179.611807448 308.7325368029997 27.999208808178082 3.0 15.0 0.0 7631211.604097828 747595.9124718022 1.4352272727272728
59179.113712905004 2459179.613103761 310.59920160099864 29.865873606177047 3.0 15.0 1.0 7636147.157492401 748125.0945391504 1.4352272727272728
59179.1150092 2459179.614400073 312.4658663989976 31.73253840417601 3.0 15.0 0.0 7630468.48313503 747526.22396725 1.4352272727272728
59179.116305495 2459179.615696383 314.33253119699657 33.59920320217498 3.0 15.0 1.0 7634935.461365396 748012.5163046854 1.4352272727272728
59179.117601795 2459179.6169926967 316.1992031929549 35.46587519813329 3.0 15.0 0.0 7631766.493935231 747649.7325557924 1.4352272727272728
59179.118898090004 2459179.618289003 318.0658680014312 37.332540006609634 3.0 15.0 1.0 7635641.7894143015 748082.3368958912 1.4352272727272728
59179.120194385 2459179.6195853082 319.9325327994302 39.1992048046086 3.0 15.0 0.0 7630605.016740987 747542.7774932756 1.4352272727272728
59179.121490685 2459179.620881617 321.7992047953885 41.06587680056691 3.0 15.0 1.0 7636188.874181966 748131.0408413591 1.4352272727272728
59179.12278698 2459179.6221779203 323.66586959338747 42.93254159856588 3.0 15.0 0.0 7632620.00670206 747736.3147993401 1.4352272727272728
59179.124083275 2459179.623474222 325.53253439138643 44.79920639656484 3.0 15.0 1.0 7636627.624132959 748179.0558970908 1.4352272727272728
59179.12537957 2459179.624770523 327.3991991998628 46.665871205041185 3.0 15.0 0.0 7631906.050059852 747669.851092446 1.4352272727272728
59179.126675865 2459179.6260668235 329.26586399786174 48.53253600304015 3.0 15.0 1.0 7637250.3448181655 748243.0798402936 1.4352272727272728
59269.031274124995 2459269.53252416 1.8661391898058355 1.8661391898058355 4.0 16.0 0.0 7545552.664932957 739380.8212938572 1.4352272727272728
59269.03257042 2459269.5338204913 3.7328039982821792 3.7328039982821792 4.0 16.0 1.0 7585296.190911998 743242.25682251 1.4352272727272728
59269.033866715006 2459269.535116822 5.599468806758523 5.599468806758523 4.0 16.0 0.0 7588373.904343026 743491.2859184418 1.4352272727272728
59269.035163010005 2459269.536413152 7.466133604757488 7.466133604757488 4.0 16.0 1.0 7609233.078712831 745539.1387927539 1.4352272727272728
59269.036459309995 2459269.5377094857 9.332805590238422 9.332805590238422 4.0 16.0 0.0 7608377.911171493 745408.5560787171 1.4352272727272728
59269.03775560499 2459269.539005813 11.199470388237387 11.199470388237387 4.0 16.0 1.0 7622930.078373205 746852.4700126296 1.4352272727272728
59269.0390519 2459269.54030214 13.06613519671373 13.06613519671373 4.0 16.0 0.0 7620862.510513054 746609.7887676579 1.4352272727272728
59269.040348195005 2459269.5415984653 14.932800005190074 14.932800005190074 4.0 16.0 1.0 7630548.491982953 747584.1180708035 1.4352272727272728
59269.041644494995 2459269.542894794 16.79947199067101 16.79947199067101 4.0 16.0 0.0 7627162.452802441 747210.846940594 1.4352272727272728
59269.04294079 2459269.544191116 18.666136799147353 18.666136799147353 4.0 16.0 1.0 7635036.170333609 748011.8079982501 1.4352272727272728
59269.04423708501 2459269.545487437 20.532801607623696 20.532801607623696 4.0 16.0 0.0 7631370.937701489 747608.348139489 1.4352272727272728
59269.045533380006 2459269.5467837555 22.39946640562266 22.39946640562266 4.0 16.0 1.0 7636212.381588437 748124.993468143 1.4352272727272728
59269.046829679995 2459269.5480800774 24.266138391103595 24.266138391103595 4.0 16.0 0.0 7633431.276213358 747809.1820498733 1.4352272727272728
59269.048125789996 2459269.549376208 26.13253679126501 26.13253679126501 4.0 16.0 1.0 7640196.733778988 748502.9198024868 1.4352272727272728
59269.049422085 2459269.5506725213 27.999201599741355 27.999201599741355 4.0 16.0 0.0 7637562.014210383 748202.6519054183 1.4352272727272728
59269.050718385 2459269.551968838 29.865873595699668 29.865873595699668 4.0 16.0 1.0 7641928.61056808 748666.9553756817 1.4352272727272728
59269.05201468 2459269.5532651492 31.732538393698633 31.732538393698633 4.0 16.0 0.0 7638874.162696687 748326.5395075893 1.4352272727272728
59269.053310974996 2459269.5545614576 33.5992031916976 33.5992031916976 4.0 16.0 1.0 7643134.89511834 748776.9313782428 1.4352272727272728
59269.054607269994 2459269.555857765 35.46586798969656 35.46586798969656 4.0 16.0 0.0 7638715.070111177 748305.4878289106 1.4352272727272728
59269.055903565 2459269.557154072 37.332532798172906 37.332532798172906 4.0 16.0 1.0 7645182.029050473 748978.6709366579 1.4352272727272728
59269.057199865 2459269.558450382 39.19920479413122 39.19920479413122 4.0 16.0 0.0 7641247.622459524 748549.1932625234 1.4352272727272728
59269.058496159996 2459269.559746687 41.065869592130184 41.065869592130184 4.0 16.0 1.0 7644462.844730515 748907.5823220871 1.4352272727272728
59269.059792455 2459269.5610429905 42.93253440060653 42.93253440060653 4.0 16.0 0.0 7640330.660870858 748466.0497019861 1.4352272727272728
59269.061088755 2459269.562339299 44.79920639656484 44.79920639656484 4.0 16.0 1.0 7645158.29584621 748976.7765086001 1.4352272727272728
59269.06238505 2459269.5636356026 46.665871194563806 46.665871194563806 4.0 16.0 0.0 7642779.9484477835 748702.9100474595 1.4352272727272728
59269.063681345 2459269.5649319054 48.53253599256277 48.53253599256277 4.0 16.0 1.0 7645680.789748794 749025.4762566902 1.4352272727272728
59269.097373565004 2459269.5986247375 97.04933280358091 1.8658656044863164 4.0 17.0 0.0 7625569.425974325 747063.7742312434 1.4352272727272728
59269.098669865 2459269.5999210733 98.91600479953922 3.73253760044463 4.0 17.0 1.0 7635432.82603622 748034.0918068134 1.4352272727272728
59269.09996616 2459269.6012174035 100.78266959753819 5.599202398443595 4.0 17.0 0.0 7635026.789644006 747965.2029622528 1.4352272727272728
59269.101262455 2459269.6025137333 102.64933439553715 7.465867196442559 4.0 17.0 1.0 7639602.037059245 748454.7109782774 1.4352272727272728
59269.102558754996 2459269.6038100673 104.51600639149547 9.332539192400873 4.0 17.0 0.0 7638707.9522883175 748317.2995802963 1.4352272727272728
59269.103855049994 2459269.605106395 106.38267118949443 11.199203990399837 4.0 17.0 1.0 7640176.296009777 748506.7541733027 1.4352272727272728
59269.105151345 2459269.6064027217 108.24933599797077 13.065868798876181 4.0 17.0 0.0 7639311.713198594 748374.0056840172 1.4352272727272728
59269.10644764 2459269.607699047 110.11600079596974 14.932533596875146 4.0 17.0 1.0 7642967.920474378 748776.3158549014 1.4352272727272728
59269.107743935 2459269.6089953706 111.9826655939687 16.79919839487411 4.0 17.0 0.0 7640646.149838802 748501.3996033926 1.4352272727272728
59269.109040235 2459269.610291698 113.8493376004044 18.665870401309803 4.0 17.0 1.0 7643993.456437894 748871.2933917127 1.4352272727272728
59269.11033653 2459269.611588018 115.71600239840336 20.532535199308768 4.0 17.0 0.0 7640716.568601615 748508.2194547058 1.4352272727272728
59269.111632825 2459269.612884337 117.58266719640233 22.399199997307733 4.0 17.0 1.0 7643599.612072529 748834.305540363 1.4352272727272728
59269.112929124996 2459269.614180659 119.44933919236064 24.265871993266046 4.0 17.0 0.0 7641039.382019106 748537.9464724436 1.4352272727272728
59269.114225419995 2459269.6154769748 121.3160039903596 26.13253679126501 4.0 17.0 1.0 7645815.294301928 749041.3953206311 1.4352272727272728
59269.115521715 2459269.616773288 123.18266879883595 27.999201599741355 4.0 17.0 0.0 7640040.050351701 748440.8231028174 1.4352272727272728
59269.11681801 2459269.6180696 125.04933359683491 29.86586639774032 4.0 17.0 1.0 7646013.435361962 749064.9896393239 1.4352272727272728
59269.11811431 2459269.619365915 126.91600559279323 31.732538393698633 4.0 17.0 0.0 7641352.795012947 748564.3739458007 1.4352272727272728
59269.119410605 2459269.6206622245 128.78267040126957 33.59920320217498 4.0 17.0 1.0 7644848.426316051 748947.6065996888 1.4352272727272728
59269.1207069 2459269.6219585324 130.64933519926853 35.46586800017394 4.0 17.0 0.0 7639075.985212098 748347.1827119458 1.4352272727272728
59269.122003195 2459269.6232548384 132.5159999972675 37.332532798172906 4.0 17.0 1.0 7643305.667663153 748796.8011348597 1.4352272727272728
