run/run_2021-08-21_02-00-29_L-98-59_Hubble15856_spec/extracted_sp/bins12_2021-08-24_19-02-57/speclc1.149.txt
# %ECSV 0.9
# ---
# datatype:
# - {name: t_mjd, datatype: float64}
# - {name: t_bjd, datatype: float64}
# - {name: t_visit, datatype: float64}
# - {name: t_orbit, datatype: float64}
# - {name: ivisit, datatype: float64}
# - {name: iorbit, datatype: float64}
# - {name: scan, datatype: float64}
# - {name: spec_opt, datatype: float64}
# - {name: var_opt, datatype: float64}
# - {name: wave, datatype: float64}
# schema: astropy-2.0
t_mjd t_bjd t_visit t_orbit ivisit iorbit scan spec_opt var_opt wave
[from data line 461]
59269.124595789996 2459269.6258474537 136.24933679122478 41.065869592130184 4.0 17.0 1.0 6217586.673624474 611774.3877994502 1.1488636363636364
59269.125892085 2459269.627143758 138.11600159970112 42.93253440060653 4.0 17.0 0.0 6216436.851864059 611623.5182039788 1.1488636363636364
59269.127188385 2459269.6284400662 139.98267359565943 44.79920639656484 4.0 17.0 1.0 6217568.357521811 611772.0444110269 1.1488636363636364
59269.12848468 2459269.6297363695 141.8493383936584 46.665871194563806 4.0 17.0 0.0 6215916.95053155 611574.3232368573 1.1488636363636364
59269.129780974996 2459269.6310326727 143.71600319165736 48.53253599256277 4.0 17.0 1.0 6219846.268315754 611994.4977612554 1.1488636363636364
59269.163473010005 2459269.664725318 192.23253360483795 1.8658656044863164 4.0 18.0 0.0 6199969.207041554 610054.1551077572 1.1488636363636364
59269.164769309995 2459269.666021654 194.0992055903189 3.732537589967251 4.0 18.0 1.0 6206218.3817351675 610658.4520069333 1.1488636363636364
59269.16606560499 2459269.667317984 195.96587038831785 5.599202387966216 4.0 18.0 0.0 6204597.686195688 610500.4417066341 1.1488636363636364
59269.1673619 2459269.668614314 197.8325351967942 7.465867196442559 4.0 18.0 1.0 6210254.49177434 611059.7519478414 1.1488636363636364
59269.168658195005 2459269.669910643 199.69920000527054 9.332532004918903 4.0 18.0 0.0 6206534.386505065 610681.7523230747 1.1488636363636364
59269.169954494995 2459269.6712069754 201.56587199075148 11.199203990399837 4.0 18.0 1.0 6210107.216287089 611044.891717329 1.1488636363636364
59269.17125079 2459269.672503302 203.43253679922782 13.065868798876181 4.0 18.0 0.0 6209225.44103269 610938.8333009093 1.1488636363636364
59269.17254708501 2459269.6737996275 205.29920160770416 14.932533607352525 4.0 18.0 1.0 6211851.763613737 611229.0970283248 1.1488636363636364
59269.173843380006 2459269.6750959507 207.16586640570313 16.79919840535149 4.0 18.0 0.0 6210363.916717476 611048.1345215972 1.1488636363636364
59269.175139679995 2459269.676392278 209.03253839118406 18.665870390832424 4.0 18.0 1.0 6212246.562505512 611248.3640783898 1.1488636363636364
59269.176435974994 2459269.677688598 210.89920318918303 20.53253518883139 4.0 18.0 0.0 6210768.1439354485 611084.8763385837 1.1488636363636364
59269.17773227 2459269.6789849172 212.76586799765937 22.399199997307733 4.0 18.0 1.0 6213165.629064951 611342.8488775841 1.1488636363636364
59269.17902857 2459269.6802812396 214.63253999361768 24.265871993266046 4.0 18.0 0.0 6211030.8665864365 611113.1544557998 1.1488636363636364
59269.180324864996 2459269.681577555 216.49920479161665 26.13253679126501 4.0 18.0 1.0 6212335.43910206 611289.875551221 1.1488636363636364
59269.181621159994 2459269.6828738684 218.3658695896156 27.999201589263976 4.0 18.0 0.0 6212587.034022896 611262.0516597416 1.1488636363636364
59269.18291745499 2459269.6841701805 220.23253438761458 29.86586638726294 4.0 18.0 1.0 6213430.850040429 611389.730068025 1.1488636363636364
59269.18421375 2459269.685466491 222.09919919609092 31.732531195739284 4.0 18.0 0.0 6210484.189472029 611049.4670039773 1.1488636363636364
59269.185510049996 2459269.686762805 223.96587119204924 33.5992031916976 4.0 18.0 1.0 6212607.777723044 611262.0961987652 1.1488636363636364
59269.186806344995 2459269.6880591125 225.8325359900482 35.46586798969656 4.0 18.0 0.0 6211218.897865497 611123.0955346251 1.1488636363636364
59269.18810264 2459269.6893554195 227.69920079852454 37.332532798172906 4.0 18.0 1.0 6217552.794744853 611769.3037917007 1.1488636363636364
59269.18939894 2459269.6906517297 229.56587279448286 39.19920479413122 4.0 18.0 0.0 6214870.37925775 611474.4408108818 1.1488636363636364
59269.190695235 2459269.6919480343 231.43253759248182 41.065869592130184 4.0 18.0 1.0 6215621.770586877 611581.8649577977 1.1488636363636364
59269.191991529995 2459269.6932443385 233.2992023904808 42.93253439012915 4.0 18.0 0.0 6214132.730513445 611400.04971857 1.1488636363636364
59269.19328782499 2459269.694540642 235.16586718847975 44.799199188128114 4.0 18.0 1.0 6216984.133450963 611716.6346956457 1.1488636363636364
59269.194584125 2459269.6958369506 237.03253919491544 46.665871194563806 4.0 18.0 0.0 6215726.124938632 611553.3617852409 1.1488636363636364
59269.19588042 2459269.697133254 238.8992039929144 48.53253599256277 4.0 18.0 1.0 6217147.613823828 611732.1780173349 1.1488636363636364
59269.229584125 2459269.7308375677 287.4325391999446 1.865872802445665 4.0 19.0 0.0 6203218.112230157 610364.3742682623 1.1488636363636364
59269.23088042 2459269.732133899 289.29920399794355 3.73253760044463 4.0 19.0 1.0 6208870.180446495 610926.7196310798 1.1488636363636364
59269.232176715 2459269.7334302287 291.1658687959425 5.599202398443595 4.0 19.0 0.0 6208900.36236552 610912.0045386598 1.1488636363636364
59269.23347301 2459269.7347265584 293.0325335939415 7.465867196442559 4.0 19.0 1.0 6209653.1794257285 611001.0338289994 1.1488636363636364
59269.23476931 2459269.736022892 294.8992056003772 9.332539202878252 4.0 19.0 0.0 6209639.81043387 610984.5244392258 1.1488636363636364
59269.236065605 2459269.73731922 296.76587039837614 11.199204000877216 4.0 19.0 1.0 6213071.035631454 611343.7453959283 1.1488636363636364
59269.2373619 2459269.7386155464 298.6325351963751 13.065868798876181 4.0 19.0 0.0 6210010.233284781 611013.7500511699 1.1488636363636364
59269.238658195 2459269.7399118715 300.49919999437407 14.932533596875146 4.0 19.0 1.0 6212582.29282275 611263.9814900622 1.1488636363636364
59269.239954495 2459269.7412082 302.36587200080976 16.79920560331084 4.0 19.0 0.0 6211300.875990709 611136.3303441722 1.1488636363636364
59269.24125079 2459269.742504522 304.2325367988087 18.665870401309803 4.0 19.0 1.0 6213485.829582685 611369.8930620285 1.1488636363636364
59269.242547085 2459269.7438008427 306.0992015968077 20.532535199308768 4.0 19.0 0.0 6212337.696199984 611234.5003311415 1.1488636363636364
59269.24384338 2459269.7450971613 307.96586639480665 22.399199997307733 4.0 19.0 1.0 6213895.4107166035 611406.1892795238 1.1488636363636364
59269.24513968 2459269.7463934836 309.83253840124235 24.265872003743425 4.0 19.0 0.0 6212560.9841883 611253.6057519059 1.1488636363636364
59269.246435975 2459269.747689799 311.6992031992413 26.13253680174239 4.0 19.0 1.0 6214303.030099226 611449.9809757138 1.1488636363636364
59269.24773227 2459269.748986113 313.5658679972403 27.999201599741355 4.0 19.0 0.0 6213165.734426009 611307.5036476261 1.1488636363636364
59269.249028570004 2459269.7502824296 315.43254000367597 29.865873606177047 4.0 19.0 1.0 6214835.42297706 611492.1005704241 1.1488636363636364
59269.250324865 2459269.7515787403 317.29920480167493 31.73253840417601 4.0 19.0 0.0 6214276.362477912 611415.010871258 1.1488636363636364
59269.25162116 2459269.7528750496 319.1658695996739 33.59920320217498 4.0 19.0 1.0 6214346.440606198 611446.9611572995 1.1488636363636364
59269.252917455 2459269.754171357 321.03253439767286 35.46586800017394 4.0 19.0 0.0 6213560.889293547 611345.7962968961 1.1488636363636364
59269.25421375 2459269.7554676635 322.8991991956718 37.332532798172906 4.0 19.0 1.0 6215321.4815694 611532.9793677907 1.1488636363636364
59269.25551005 2459269.756763974 324.7658712021075 39.1992048046086 4.0 19.0 0.0 6212913.484250454 611284.4083077479 1.1488636363636364
59269.256806345 2459269.7580602793 326.6325360001065 41.06586960260756 4.0 19.0 1.0 6215291.152698072 611539.6309080808 1.1488636363636364
59269.25810264 2459269.759356583 328.49920079810545 42.93253440060653 4.0 19.0 0.0 6213827.969757799 611379.8292764236 1.1488636363636364
59269.259398940005 2459269.760652892 330.36587280454114 44.79920640704222 4.0 19.0 1.0 6214568.037718281 611462.848508472 1.1488636363636364
59269.260695235 2459269.761949195 332.2325376025401 46.665871205041185 4.0 19.0 0.0 6214368.59174833 611420.3576857615 1.1488636363636364
59269.26199153 2459269.7632454988 334.09920240053907 48.53253600304015 4.0 19.0 1.0 6215392.882335688 611543.2293711852 1.1488636363636364
