run/run_2021-08-21_02-00-29_L-98-59_Hubble15856_spec/extracted_sp/bins12_2021-08-24_19-02-57/speclc1.244.txt
# %ECSV 0.9
# ---
# datatype:
# - {name: t_mjd, datatype: float64}
# - {name: t_bjd, datatype: float64}
# - {name: t_visit, datatype: float64}
# - {name: t_orbit, datatype: float64}
# - {name: ivisit, datatype: float64}
# - {name: iorbit, datatype: float64}
# - {name: scan, datatype: float64}
# - {name: spec_opt, datatype: float64}
# - {name: var_opt, datatype: float64}
# - {name: wave, datatype: float64}
# schema: astropy-2.0
t_mjd t_bjd t_visit t_orbit ivisit iorbit scan spec_opt var_opt wave
[from data line 461]
59269.124595789996 2459269.6258474537 136.24933679122478 41.065869592130184 4.0 17.0 1.0 7594156.409551404 743994.8425923961 1.2443181818181817
59269.125892085 2459269.627143758 138.11600159970112 42.93253440060653 4.0 17.0 0.0 7592036.756875021 743737.1746132793 1.2443181818181817
59269.127188385 2459269.6284400662 139.98267359565943 44.79920639656484 4.0 17.0 1.0 7595318.969263883 744101.4907307809 1.2443181818181817
59269.12848468 2459269.6297363695 141.8493383936584 46.665871194563806 4.0 17.0 0.0 7591440.392355149 743684.283306042 1.2443181818181817
59269.129780974996 2459269.6310326727 143.71600319165736 48.53253599256277 4.0 17.0 1.0 7594647.49514478 744038.9378026954 1.2443181818181817
59269.163473010005 2459269.664725318 192.23253360483795 1.8658656044863164 4.0 18.0 0.0 7572832.735727491 741907.6350988699 1.2443181818181817
59269.164769309995 2459269.666021654 194.0992055903189 3.732537589967251 4.0 18.0 1.0 7579907.234615229 742592.5838855046 1.2443181818181817
59269.16606560499 2459269.667317984 195.96587038831785 5.599202387966216 4.0 18.0 0.0 7578937.8184457915 742494.7580615921 1.2443181818181817
59269.1673619 2459269.668614314 197.8325351967942 7.465867196442559 4.0 18.0 1.0 7583275.150262485 742940.7165937716 1.2443181818181817
59269.168658195005 2459269.669910643 199.69920000527054 9.332532004918903 4.0 18.0 0.0 7581137.928441789 742702.8627545942 1.2443181818181817
59269.169954494995 2459269.6712069754 201.56587199075148 11.199203990399837 4.0 18.0 1.0 7585194.0032706065 743115.0589820809 1.2443181818181817
59269.17125079 2459269.672503302 203.43253679922782 13.065868798876181 4.0 18.0 0.0 7583629.124088264 742936.828437547 1.2443181818181817
59269.17254708501 2459269.6737996275 205.29920160770416 14.932533607352525 4.0 18.0 1.0 7586262.576177131 743233.8910151768 1.2443181818181817
59269.173843380006 2459269.6750959507 207.16586640570313 16.79919840535149 4.0 18.0 0.0 7583933.131331798 742965.2012016333 1.2443181818181817
59269.175139679995 2459269.676392278 209.03253839118406 18.665870390832424 4.0 18.0 1.0 7587889.975033262 743377.0345348099 1.2443181818181817
59269.176435974994 2459269.677688598 210.89920318918303 20.53253518883139 4.0 18.0 0.0 7582662.043411288 742848.5618020596 1.2443181818181817
59269.17773227 2459269.6789849172 212.76586799765937 22.399199997307733 4.0 18.0 1.0 7586446.185981617 743236.0686703878 1.2443181818181817
59269.17902857 2459269.6802812396 214.63253999361768 24.265871993266046 4.0 18.0 0.0 7583697.902598621 742944.314741036 1.2443181818181817
59269.180324864996 2459269.681577555 216.49920479161665 26.13253679126501 4.0 18.0 1.0 7588990.69381165 743521.5255772303 1.2443181818181817
59269.181621159994 2459269.6828738684 218.3658695896156 27.999201589263976 4.0 18.0 0.0 7584724.385535315 743039.3342318359 1.2443181818181817
59269.18291745499 2459269.6841701805 220.23253438761458 29.86586638726294 4.0 18.0 1.0 7588440.989082189 743461.5542480227 1.2443181818181817
59269.18421375 2459269.685466491 222.09919919609092 31.732531195739284 4.0 18.0 0.0 7586703.956581933 743226.5642081663 1.2443181818181817
59269.185510049996 2459269.686762805 223.96587119204924 33.5992031916976 4.0 18.0 1.0 7586787.918165642 743243.6756710191 1.2443181818181817
59269.186806344995 2459269.6880591125 225.8325359900482 35.46586798969656 4.0 18.0 0.0 7585872.896162014 743151.3534153297 1.2443181818181817
59269.18810264 2459269.6893554195 227.69920079852454 37.332532798172906 4.0 18.0 1.0 7590625.134874639 743650.5882563399 1.2443181818181817
59269.18939894 2459269.6906517297 229.56587279448286 39.19920479413122 4.0 18.0 0.0 7590425.736837619 743583.2463717839 1.2443181818181817
59269.190695235 2459269.6919480343 231.43253759248182 41.065869592130184 4.0 18.0 1.0 7593413.9048909 743923.3560992823 1.2443181818181817
59269.191991529995 2459269.6932443385 233.2992023904808 42.93253439012915 4.0 18.0 0.0 7587855.323380632 743339.5262003804 1.2443181818181817
59269.19328782499 2459269.694540642 235.16586718847975 44.799199188128114 4.0 18.0 1.0 7592122.18735795 743793.396007989 1.2443181818181817
59269.194584125 2459269.6958369506 237.03253919491544 46.665871194563806 4.0 18.0 0.0 7590421.140718744 743578.334794255 1.2443181818181817
59269.19588042 2459269.697133254 238.8992039929144 48.53253599256277 4.0 18.0 1.0 7592410.612940449 743824.0291983427 1.2443181818181817
59269.229584125 2459269.7308375677 287.4325391999446 1.865872802445665 4.0 19.0 0.0 7575500.865009588 742161.556003023 1.2443181818181817
59269.23088042 2459269.732133899 289.29920399794355 3.73253760044463 4.0 19.0 1.0 7583374.031250949 742945.2224653027 1.2443181818181817
59269.232176715 2459269.7334302287 291.1658687959425 5.599202398443595 4.0 19.0 0.0 7582707.2402354935 742853.705223037 1.2443181818181817
59269.23347301 2459269.7347265584 293.0325335939415 7.465867196442559 4.0 19.0 1.0 7587042.44653573 743298.2544991303 1.2443181818181817
59269.23476931 2459269.736022892 294.8992056003772 9.332539202878252 4.0 19.0 0.0 7585819.86093115 743149.1465912604 1.2443181818181817
59269.236065605 2459269.73731922 296.76587039837614 11.199204000877216 4.0 19.0 1.0 7589084.905824565 743513.4854329337 1.2443181818181817
59269.2373619 2459269.7386155464 298.6325351963751 13.065868798876181 4.0 19.0 0.0 7585812.461516398 743151.6678398547 1.2443181818181817
59269.238658195 2459269.7399118715 300.49919999437407 14.932533596875146 4.0 19.0 1.0 7590561.391543568 743612.465186281 1.2443181818181817
59269.239954495 2459269.7412082 302.36587200080976 16.79920560331084 4.0 19.0 0.0 7586546.354586015 743218.5431746437 1.2443181818181817
59269.24125079 2459269.742504522 304.2325367988087 18.665870401309803 4.0 19.0 1.0 7588472.260127681 743433.6205982834 1.2443181818181817
59269.242547085 2459269.7438008427 306.0992015968077 20.532535199308768 4.0 19.0 0.0 7587180.866946987 743278.0324123547 1.2443181818181817
59269.24384338 2459269.7450971613 307.96586639480665 22.399199997307733 4.0 19.0 1.0 7589442.657929198 743524.822409072 1.2443181818181817
59269.24513968 2459269.7463934836 309.83253840124235 24.265872003743425 4.0 19.0 0.0 7587130.819164313 743271.6305579754 1.2443181818181817
59269.246435975 2459269.747689799 311.6992031992413 26.13253680174239 4.0 19.0 1.0 7590379.008386427 743633.3009739515 1.2443181818181817
59269.24773227 2459269.748986113 313.5658679972403 27.999201599741355 4.0 19.0 0.0 7588444.266746961 743394.8905147258 1.2443181818181817
59269.249028570004 2459269.7502824296 315.43254000367597 29.865873606177047 4.0 19.0 1.0 7590649.522367305 743637.1162203015 1.2443181818181817
59269.250324865 2459269.7515787403 317.29920480167493 31.73253840417601 4.0 19.0 0.0 7589093.513566017 743458.7874529447 1.2443181818181817
59269.25162116 2459269.7528750496 319.1658695996739 33.59920320217498 4.0 19.0 1.0 7590447.933861886 743616.086061566 1.2443181818181817
59269.252917455 2459269.754171357 321.03253439767286 35.46586800017394 4.0 19.0 0.0 7590113.317476379 743553.1715267407 1.2443181818181817
59269.25421375 2459269.7554676635 322.8991991956718 37.332532798172906 4.0 19.0 1.0 7590479.578443309 743618.2877162396 1.2443181818181817
59269.25551005 2459269.756763974 324.7658712021075 39.1992048046086 4.0 19.0 0.0 7586014.424170296 743156.0995798315 1.2443181818181817
59269.256806345 2459269.7580602793 326.6325360001065 41.06586960260756 4.0 19.0 1.0 7590298.562406355 743601.4246761651 1.2443181818181817
59269.25810264 2459269.759356583 328.49920079810545 42.93253440060653 4.0 19.0 0.0 7588619.121867961 743408.6968151387 1.2443181818181817
59269.259398940005 2459269.760652892 330.36587280454114 44.79920640704222 4.0 19.0 1.0 7589222.560734533 743498.0792112846 1.2443181818181817
59269.260695235 2459269.761949195 332.2325376025401 46.665871205041185 4.0 19.0 0.0 7588306.530717102 743379.4114466376 1.2443181818181817
59269.26199153 2459269.7632454988 334.09920240053907 48.53253600304015 4.0 19.0 1.0 7589230.687514668 743499.0448432827 1.2443181818181817
