run/run_2021-08-21_02-00-29_L-98-59_Hubble15856_spec/extracted_sp/bins12_2021-08-24_19-02-57/speclc1.244.txt
# %ECSV 0.9
# ---
# datatype:
# - {name: t_mjd, datatype: float64}
# - {name: t_bjd, datatype: float64}
# - {name: t_visit, datatype: float64}
# - {name: t_orbit, datatype: float64}
# - {name: ivisit, datatype: float64}
# - {name: iorbit, datatype: float64}
# - {name: scan, datatype: float64}
# - {name: spec_opt, datatype: float64}
# - {name: var_opt, datatype: float64}
# - {name: wave, datatype: float64}
# schema: astropy-2.0
t_mjd t_bjd t_visit t_orbit ivisit iorbit scan spec_opt var_opt wave
58888.252084215 2458888.753034453 1.8658655940089375 1.8658655940089375 0.0 0.0 0.0 7468486.226110269 731888.2881604946 1.2443181818181817
58888.253380509996 2458888.7543307883 3.7325303920079023 3.7325303920079023 0.0 0.0 1.0 7513411.1877507875 736225.4492248895 1.2443181818181817
58888.25467699 2458888.755627308 5.5994615983217955 5.5994615983217955 0.0 0.0 0.0 7524078.204781391 737224.0152939558 1.2443181818181817
58888.255973105 2458888.756923462 7.465867196442559 7.465867196442559 0.0 0.0 1.0 7547886.62194243 739558.0001539907 1.2443181818181817
58888.2572694 2458888.7582197953 9.332531994441524 9.332531994441524 0.0 0.0 0.0 7550377.889115769 739739.9413932877 1.2443181818181817
58888.258565694996 2458888.7595161274 11.199196792440489 11.199196792440489 0.0 0.0 1.0 7562414.659765457 740953.5150255691 1.2443181818181817
58888.259861989995 2458888.7608124586 13.065861590439454 13.065861590439454 0.0 0.0 0.0 7563289.765741376 740988.6771946063 1.2443181818181817
58888.261158285 2458888.7621087884 14.932526398915797 14.932526398915797 0.0 0.0 1.0 7571964.76883533 741839.5067778549 1.2443181818181817
58888.262454585 2458888.763405122 16.79919839487411 16.79919839487411 0.0 0.0 0.0 7571951.807083216 741819.9125556141 1.2443181818181817
58888.263750879996 2458888.7647014484 18.665863192873076 18.665863192873076 0.0 0.0 1.0 7577788.31883061 742399.8262404707 1.2443181818181817
58888.265047175 2458888.765997773 20.53252800134942 20.53252800134942 0.0 0.0 0.0 7576827.057208195 742285.8343910426 1.2443181818181817
58888.266343475 2458888.7672941014 22.399199997307733 22.399199997307733 0.0 0.0 1.0 7581077.076527531 742713.3091291895 1.2443181818181817
58888.26763977 2458888.7685904233 24.265864795306697 24.265864795306697 0.0 0.0 0.0 7581723.447024426 742751.3522896912 1.2443181818181817
58888.268936065 2458888.7698867433 26.132529593305662 26.132529593305662 0.0 0.0 1.0 7584904.571855699 743103.3903978377 1.2443181818181817
58888.270232359995 2458888.7711830614 27.999194391304627 27.999194391304627 0.0 0.0 0.0 7582226.131766644 742795.7571111256 1.2443181818181817
58888.27152866 2458888.772479383 29.86586639774032 29.86586639774032 0.0 0.0 1.0 7586909.625171433 743271.7341142155 1.2443181818181817
58888.272824955 2458888.773775698 31.732531195739284 31.732531195739284 0.0 0.0 0.0 7586390.8895900315 743195.3492794049 1.2443181818181817
58888.274121434995 2458888.7750721965 33.5994623915758 33.5994623915758 0.0 0.0 1.0 7590662.708811344 743658.5387607033 1.2443181818181817
58888.275417545 2458888.776368324 35.46586080221459 35.46586080221459 0.0 0.0 0.0 7589685.726403863 743514.8704207524 1.2443181818181817
58888.276713845 2458888.77766464 37.332532798172906 37.332532798172906 0.0 0.0 1.0 7590247.080072447 743590.5463303009 1.2443181818181817
58888.27801014 2458888.7789609507 39.19919759617187 39.19919759617187 0.0 0.0 0.0 7588277.875772497 743382.4573994426 1.2443181818181817
58888.279306435 2458888.78025726 41.065862394170836 41.065862394170836 0.0 0.0 1.0 7590452.294872688 743635.6486639332 1.2443181818181817
58888.280602735 2458888.7815535734 42.93253440060653 42.93253440060653 0.0 0.0 0.0 7589013.286691492 743451.325705698 1.2443181818181817
58888.28189903 2458888.782849882 44.79919919860549 44.79919919860549 0.0 0.0 1.0 7589430.810416267 743512.7297606777 1.2443181818181817
58888.283195325 2458888.78414619 46.66586399660446 46.66586399660446 0.0 0.0 0.0 7590362.452204142 743575.9478696175 1.2443181818181817
58888.28449162 2458888.7854424976 48.53252879460342 48.53252879460342 0.0 0.0 1.0 7592058.831650853 743790.6115226113 1.2443181818181817
58888.318183845 2458888.8191354494 97.04933279310353 1.866132002323866 0.0 1.0 0.0 7575742.763629235 742182.4767071115 1.2443181818181817
58888.319480139995 2458888.8204317843 98.9159975911025 3.7327968003228307 0.0 1.0 1.0 7581935.831232958 742826.5183830025 1.2443181818181817
58888.320776435 2458888.821728119 100.78266239957884 5.599461608799174 0.0 1.0 0.0 7580008.42363267 742593.3553207091 1.2443181818181817
58888.322072735 2458888.8230244583 102.64933439553715 7.466133604757488 0.0 1.0 1.0 7586070.071432504 743223.0170007403 1.2443181818181817
58888.32336903 2458888.8243207913 104.51599919353612 9.332798402756453 0.0 1.0 0.0 7584199.213027378 742992.2937436957 1.2443181818181817
58888.324665325 2458888.825617124 106.38266400201246 11.199463211232796 0.0 1.0 1.0 7588106.0337600345 743416.2914750739 1.2443181818181817
58888.32596162 2458888.826913455 108.24932880001143 13.066128009231761 0.0 1.0 0.0 7586872.735782331 743252.4875780534 1.2443181818181817
58888.32725773 2458888.8282095995 110.11572720017284 14.932526409393176 0.0 1.0 1.0 7587352.165298901 743343.2677097936 1.2443181818181817
58888.328554215 2458888.8295061174 111.9826655939687 16.79946480318904 0.0 1.0 0.0 7587107.754478721 743269.9489260529 1.2443181818181817
58888.329850509996 2458888.830802444 113.84933039196767 18.666129601188004 0.0 1.0 1.0 7588765.47020385 743475.278458481 1.2443181818181817
58888.331146805 2458888.8320987695 115.71599520044401 20.532794409664348 0.0 1.0 0.0 7586470.35342684 743210.5149552028 1.2443181818181817
58888.332443105 2458888.833395098 117.58266719640233 22.39946640562266 0.0 1.0 1.0 7587817.452144174 743362.4442968143 1.2443181818181817
58888.3337394 2458888.8346914193 119.44933199440129 24.266131203621626 0.0 1.0 0.0 7587612.478774358 743317.6238455046 1.2443181818181817
58888.335035694996 2458888.8359877393 121.31599679240026 26.13279600162059 0.0 1.0 1.0 7589460.163611221 743542.0546695058 1.2443181818181817
58888.336331989995 2458888.837284058 123.18266159039922 27.999460799619555 0.0 1.0 0.0 7588079.741467735 743357.402067478 1.2443181818181817
58888.337628099995 2458888.8385801897 125.04905999056064 29.86585919978097 0.0 1.0 1.0 7589925.170339691 743564.2816653881 1.2443181818181817
58888.338924585 2458888.8398766946 126.91599839483388 31.732797604054213 0.0 1.0 0.0 7590259.64905319 743570.8182997433 1.2443181818181817
58888.340220879996 2458888.841173008 128.78266319283284 33.59946240205318 0.0 1.0 1.0 7591142.0241153035 743702.7826709513 1.2443181818181817
58888.341517175 2458888.842469321 130.6493280013092 35.46612721052952 0.0 1.0 0.0 7587768.860164526 743331.6441566907 1.2443181818181817
58888.34281329 2458888.8437654525 132.51573359942995 37.332532808650285 0.0 1.0 1.0 7588603.072124871 743435.5836352318 1.2443181818181817
58888.34410977 2458888.845061947 134.38266479526646 39.1994640044868 0.0 1.0 0.0 7587115.043968321 743266.3047291863 1.2443181818181817
58888.345406065 2458888.8463582564 136.24932959326543 41.066128802485764 0.0 1.0 1.0 7587873.474094046 743361.4044938879 1.2443181818181817
58888.346702359995 2458888.8476545657 138.1159943912644 42.93279360048473 0.0 1.0 0.0 7588344.785665518 743375.4962323612 1.2443181818181817
58888.34799866 2458888.8489508787 139.9826663977001 44.79946560692042 0.0 1.0 1.0 7591831.667204254 743768.4944512758 1.2443181818181817
58888.349294955 2458888.8502471866 141.84933119569905 46.666130404919386 0.0 1.0 0.0 7588365.355854466 743387.3466496628 1.2443181818181817
58888.35059125 2458888.8515434945 143.71599599369802 48.53279520291835 0.0 1.0 1.0 7590661.926046322 743656.7165445078 1.2443181818181817
58888.384294955 2458888.8852479253 192.2493312007282 1.866132002323866 0.0 2.0 0.0 7569951.1527397875 741621.840076965 1.2443181818181817
58888.38559125 2458888.8865442607 194.11599599872716 3.7327968003228307 0.0 2.0 1.0 7574202.754154629 742087.6019738371 1.2443181818181817
58888.38688736 2458888.88784041 195.98239439888857 5.599195200484246 0.0 2.0 0.0 7575972.724726301 742201.8336376203 1.2443181818181817
58888.388183845 2458888.8891369347 197.84933280316181 7.466133604757488 0.0 2.0 1.0 7579857.430158024 742627.3184927095 1.2443181818181817
58888.389479955 2458888.890433083 199.71573120332323 9.332532004918903 0.0 2.0 0.0 7578190.538359137 742416.2178412471 1.2443181818181817
58888.390776435 2458888.8917295993 201.58266239915974 11.199463200755417 0.0 2.0 1.0 7579334.705205536 742577.3807889977 1.2443181818181817
58888.392072735 2458888.8930259356 203.44933439511806 13.06613519671373 0.0 2.0 0.0 7578579.861565833 742450.5316032395 1.2443181818181817
58888.393369030004 2458888.8943222654 205.3159992035944 14.932800005190074 0.0 2.0 1.0 7581046.64487841 742737.8944707519 1.2443181818181817
58888.394665325 2458888.8956185933 207.18266400159337 16.79946480318904 0.0 2.0 0.0 7578068.785435972 742402.3399760926 1.2443181818181817
58888.39596162 2458888.89691492 209.04932879959233 18.666129601188004 0.0 2.0 1.0 7581378.649943753 742768.9455862778 1.2443181818181817
58888.397257915 2458888.898211245 210.9159935975913 20.53279439918697 0.0 2.0 0.0 7580453.640621469 742627.6726900553 1.2443181818181817
58888.398554215004 2458888.899507574 212.782665604027 22.39946640562266 0.0 2.0 1.0 7582344.0921680825 742858.8289873127 1.2443181818181817
58888.39985051 2458888.900803895 214.64933040202595 24.266131203621626 0.0 2.0 0.0 7579584.8417690275 742545.8028618783 1.2443181818181817
58888.401146805 2458888.902100215 216.51599520002492 26.13279600162059 0.0 2.0 1.0 7582233.066046835 742838.9110763953 1.2443181818181817
58888.402443105 2458888.9033965385 218.38266719598323 27.999467997578904 0.0 2.0 0.0 7580685.094634823 742645.5121234808 1.2443181818181817
58888.403739400004 2458888.9046928557 220.24933200445957 29.866132806055248 0.0 2.0 1.0 7581326.426855519 742761.7816748009 1.2443181818181817
58888.405035695 2458888.9059891705 222.11599680245854 31.732797604054213 0.0 2.0 0.0 7580233.419013072 742606.0318629236 1.2443181818181817
58888.40633199 2458888.9072854845 223.9826616004575 33.59946240205318 0.0 2.0 1.0 7581437.431318968 742772.6952889981 1.2443181818181817
58888.407628285 2458888.9085817966 225.84932639845647 35.46612720005214 0.0 2.0 0.0 7583028.365013752 742875.8440811889 1.2443181818181817
58888.408924585 2458888.9098781133 227.71599839441478 37.332799196010455 0.0 2.0 1.0 7582856.813562782 742908.0018376142 1.2443181818181817
58888.41022088 2458888.9111744235 229.58266320289113 39.1994640044868 0.0 2.0 0.0 7581976.114259281 742772.1899686141 1.2443181818181817
58888.411517175 2458888.912470733 231.4493280008901 41.066128802485764 0.0 2.0 1.0 7584197.150768355 743035.8534797059 1.2443181818181817
58888.412813475 2458888.9137670468 233.3159999968484 42.93280079844408 0.0 2.0 0.0 7586633.598346712 743214.7583529663 1.2443181818181817
58888.414109770005 2458888.9150633556 235.18266480532475 44.79946560692042 0.0 2.0 1.0 7586443.090747839 743251.1036141044 1.2443181818181817
58888.415406065 2458888.9163596635 237.0493296033237 46.666130404919386 0.0 2.0 0.0 7585334.724659113 743092.0064679066 1.2443181818181817
58888.41670236 2458888.9176559714 238.91599440132268 48.53279520291835 0.0 2.0 1.0 7585812.2401088085 743186.6501705868 1.2443181818181817
58888.450417545 2458888.951371881 287.46586079592817 1.8658656044863164 0.0 3.0 0.0 7572257.192180551 741867.0464795401 1.2443181818181817
58888.451713845 2458888.952668221 289.33253280236386 3.7325376109220088 0.0 3.0 1.0 7579520.711781359 742595.8154050733 1.2443181818181817
58888.45301014 2458888.9539645556 291.1991976003628 5.5992024089209735 0.0 3.0 0.0 7578217.143801558 742416.6098988511 1.2443181818181817
58888.454306435 2458888.9552608896 293.0658623983618 7.465867206919938 0.0 3.0 1.0 7580969.94795112 742730.6323168479 1.2443181818181817
58888.455602735 2458888.9565572278 294.9325343943201 9.332539202878252 0.0 3.0 0.0 7579270.757942051 742516.9941175975 1.2443181818181817
58888.45689903 2458888.95785356 296.79919920279644 11.199204011354595 0.0 3.0 1.0 7581088.822750229 742742.9916635796 1.2443181818181817
58888.458195325 2458888.959149891 298.6658640007954 13.06586880935356 0.0 3.0 0.0 7581333.497658165 742714.9003859829 1.2443181818181817
58888.45949162 2458888.9604462204 300.5325287987944 14.932533607352525 0.0 3.0 1.0 7583831.361785532 743010.205252228 1.2443181818181817
58888.460787915 2458888.9617425487 302.39919359679334 16.79919840535149 0.0 3.0 0.0 7581583.612268293 742740.2191416635 1.2443181818181817
58888.462084215 2458888.9630388804 304.26586560322903 18.665870411787182 0.0 3.0 1.0 7584151.692666441 743035.340532574 1.2443181818181817
58888.46338051 2458888.964335205 306.132530401228 20.532535209786147 0.0 3.0 0.0 7584247.298548637 742993.7116743495 1.2443181818181817
58888.464676805 2458888.9656315283 307.99919519922696 22.39920000778511 0.0 3.0 1.0 7585471.074567116 743158.8072963022 1.2443181818181817
58888.465973105 2458888.9669278553 309.8658671951853 24.265872003743425 0.0 3.0 0.0 7583654.596408368 742935.5603549605 1.2443181818181817
58888.467269400004 2458888.9682241757 311.7325320036616 26.13253681221977 0.0 3.0 1.0 7584098.90374934 743002.0917034143 1.2443181818181817
58888.46856588 2458888.9695206787 313.59946319949813 27.999468008056283 0.0 3.0 0.0 7582808.08119976 742850.6307147208 1.2443181818181817
58888.46986199 2458888.9708168106 315.46586159965955 29.8658664082177 0.0 3.0 1.0 7586241.790478116 743231.1615991676 1.2443181818181817
58888.471158285 2458888.972113126 317.3325263976585 31.732531206216663 0.0 3.0 0.0 7583652.7344938265 742933.5046725951 1.2443181818181817
58888.472454585004 2458888.973409445 319.1991984040942 33.599203212652355 0.0 3.0 1.0 7584170.222762179 743037.0018406545 1.2443181818181817
58888.47375088 2458888.974705757 321.06586320209317 35.46586801065132 0.0 3.0 0.0 7582493.599846099 742822.7302690549 1.2443181818181817
58888.475047175 2458888.9760020687 322.93252800009213 37.332532808650285 0.0 3.0 1.0 7585175.515919306 743131.9470688241 1.2443181818181817
58888.476343475 2458888.977298384 324.79919999605045 39.1992048046086 0.0 3.0 0.0 7582872.435547131 742854.1468165499 1.2443181818181817
58888.477639770004 2458888.978594694 326.6658648045268 41.06586961308494 0.0 3.0 1.0 7585878.93812887 743199.5014433803 1.2443181818181817
58888.478936065 2458888.9798910026 328.53252960252576 42.93253441108391 0.0 3.0 0.0 7583947.107228528 742959.0036219344 1.2443181818181817
58888.48023236 2458888.981187311 330.3991944005247 44.79919920908287 0.0 3.0 1.0 7584663.764279739 743079.787477541 1.2443181818181817
58888.48152866 2458888.982483624 332.26586639648303 46.665871205041185 0.0 3.0 0.0 7584223.632316922 742987.6069748182 1.2443181818181817
58888.482824955 2458888.9837799324 334.132531194482 48.53253600304015 0.0 3.0 1.0 7584646.199189563 743078.3014662097 1.2443181818181817
58946.83767614 2458947.3393639354 1.8658656044863164 1.8658656044863164 1.0 4.0 0.0 7525485.223186735 737371.7253636585 1.2443181818181817
58946.838972435 2458947.3406602414 3.7325304024852812 3.7325304024852812 1.0 4.0 1.0 7557768.242006282 740498.7494125259 1.2443181818181817
58946.84026873 2458947.3419565475 5.599195200484246 5.599195200484246 1.0 4.0 0.0 7562364.661165614 740912.522904648 1.2443181818181817
58946.84156503 2458947.3432528577 7.465867206919938 7.465867206919938 1.0 4.0 1.0 7576198.624242664 742266.5680438064 1.2443181818181817
58946.842861325 2458947.3445491623 9.332532004918903 9.332532004918903 1.0 4.0 0.0 7580443.991997968 742648.8459306139 1.2443181818181817
58946.84415762 2458947.3458454665 11.199196802917868 11.199196802917868 1.0 4.0 1.0 7588204.514797959 743406.8493336692 1.2443181818181817
58946.84545392 2458947.3471417744 13.06586880935356 13.06586880935356 1.0 4.0 0.0 7587130.632905716 743285.5456045629 1.2443181818181817
58946.846750215 2458947.348438077 14.932533607352525 14.932533607352525 1.0 4.0 1.0 7593133.069710303 743891.9716185816 1.2443181818181817
58946.84804651 2458947.3497343785 16.79919840535149 16.79919840535149 1.0 4.0 0.0 7591501.725403702 743704.0403592692 1.2443181818181817
58946.849342805 2458947.3510306785 18.665863203350455 18.665863203350455 1.0 4.0 1.0 7597540.656054292 744315.6570208168 1.2443181818181817
58946.8506391 2458947.3523269785 20.53252800134942 20.53252800134942 1.0 4.0 0.0 7595187.6710703075 744056.086839881 1.2443181818181817
