run/run_2021-08-21_02-00-29_L-98-59_Hubble15856_spec/extracted_sp/bins12_2021-08-24_19-02-57/speclc1.435.txt
# %ECSV 0.9
# ---
# datatype:
# - {name: t_mjd, datatype: float64}
# - {name: t_bjd, datatype: float64}
# - {name: t_visit, datatype: float64}
# - {name: t_orbit, datatype: float64}
# - {name: ivisit, datatype: float64}
# - {name: iorbit, datatype: float64}
# - {name: scan, datatype: float64}
# - {name: spec_opt, datatype: float64}
# - {name: var_opt, datatype: float64}
# - {name: wave, datatype: float64}
# schema: astropy-2.0
t_mjd t_bjd t_visit t_orbit ivisit iorbit scan spec_opt var_opt wave
[from data line 461]
59269.124595789996 2459269.6258474537 136.24933679122478 41.065869592130184 4.0 17.0 1.0 7643202.886537407 748790.5591683254 1.4352272727272728
59269.125892085 2459269.627143758 138.11600159970112 42.93253440060653 4.0 17.0 0.0 7640617.3244001465 748492.8062880631 1.4352272727272728
59269.127188385 2459269.6284400662 139.98267359565943 44.79920639656484 4.0 17.0 1.0 7642835.309847895 748755.8511154896 1.4352272727272728
59269.12848468 2459269.6297363695 141.8493383936584 46.665871194563806 4.0 17.0 0.0 7641582.680705482 748581.3251662775 1.4352272727272728
59269.129780974996 2459269.6310326727 143.71600319165736 48.53253599256277 4.0 17.0 1.0 7643965.818010827 748859.8682539237 1.4352272727272728
59269.163473010005 2459269.664725318 192.23253360483795 1.8658656044863164 4.0 18.0 0.0 7619915.80262007 746518.4201643124 1.4352272727272728
59269.164769309995 2459269.666021654 194.0992055903189 3.732537589967251 4.0 18.0 1.0 7626991.6946984 747199.9895169514 1.4352272727272728
59269.16606560499 2459269.667317984 195.96587038831785 5.599202387966216 4.0 18.0 0.0 7626870.379853451 747185.1943982772 1.4352272727272728
59269.1673619 2459269.668614314 197.8325351967942 7.465867196442559 4.0 18.0 1.0 7634328.642593029 747927.612461035 1.4352272727272728
59269.168658195005 2459269.669910643 199.69920000527054 9.332532004918903 4.0 18.0 0.0 7629947.91111557 747479.9829709008 1.4352272727272728
59269.169954494995 2459269.6712069754 201.56587199075148 11.199203990399837 4.0 18.0 1.0 7633223.682573658 747819.3009514844 1.4352272727272728
59269.17125079 2459269.672503302 203.43253679922782 13.065868798876181 4.0 18.0 0.0 7631820.282374603 747655.5663308792 1.4352272727272728
59269.17254708501 2459269.6737996275 205.29920160770416 14.932533607352525 4.0 18.0 1.0 7634568.016259856 747965.2231807415 1.4352272727272728
59269.173843380006 2459269.6750959507 207.16586640570313 16.79919840535149 4.0 18.0 0.0 7631520.430946852 747621.5861028921 1.4352272727272728
59269.175139679995 2459269.676392278 209.03253839118406 18.665870390832424 4.0 18.0 1.0 7634878.225175928 747973.9695050304 1.4352272727272728
59269.176435974994 2459269.677688598 210.89920318918303 20.53253518883139 4.0 18.0 0.0 7632509.334894806 747724.2428488792 1.4352272727272728
59269.17773227 2459269.6789849172 212.76586799765937 22.399199997307733 4.0 18.0 1.0 7635876.96874802 748069.7677426809 1.4352272727272728
59269.17902857 2459269.6802812396 214.63253999361768 24.265871993266046 4.0 18.0 0.0 7633311.920743131 747794.7956020741 1.4352272727272728
59269.180324864996 2459269.681577555 216.49920479161665 26.13253679126501 4.0 18.0 1.0 7637664.480501728 748286.7143085201 1.4352272727272728
59269.181621159994 2459269.6828738684 218.3658695896156 27.999201589263976 4.0 18.0 0.0 7634758.502598383 747936.2109770428 1.4352272727272728
59269.18291745499 2459269.6841701805 220.23253438761458 29.86586638726294 4.0 18.0 1.0 7637008.897534966 748218.2226697458 1.4352272727272728
59269.18421375 2459269.685466491 222.09919919609092 31.732531195739284 4.0 18.0 0.0 7632529.56844011 747712.9314603475 1.4352272727272728
59269.185510049996 2459269.686762805 223.96587119204924 33.5992031916976 4.0 18.0 1.0 7634884.432240917 747945.6940391626 1.4352272727272728
59269.186806344995 2459269.6880591125 225.8325359900482 35.46586798969656 4.0 18.0 0.0 7634974.922270945 747952.2349794713 1.4352272727272728
59269.18810264 2459269.6893554195 227.69920079852454 37.332532798172906 4.0 18.0 1.0 7640052.159268587 748484.0111844203 1.4352272727272728
59269.18939894 2459269.6906517297 229.56587279448286 39.19920479413122 4.0 18.0 0.0 7637963.334214578 748238.4113037727 1.4352272727272728
59269.190695235 2459269.6919480343 231.43253759248182 41.065869592130184 4.0 18.0 1.0 7639611.92723907 748443.1326833118 1.4352272727272728
59269.191991529995 2459269.6932443385 233.2992023904808 42.93253439012915 4.0 18.0 0.0 7638073.547036341 748247.7157958813 1.4352272727272728
59269.19328782499 2459269.694540642 235.16586718847975 44.799199188128114 4.0 18.0 1.0 7639551.887975237 748434.746209423 1.4352272727272728
59269.194584125 2459269.6958369506 237.03253919491544 46.665871194563806 4.0 18.0 0.0 7637255.843440304 748169.9092104367 1.4352272727272728
59269.19588042 2459269.697133254 238.8992039929144 48.53253599256277 4.0 18.0 1.0 7640566.119934629 748534.5476176189 1.4352272727272728
59269.229584125 2459269.7308375677 287.4325391999446 1.865872802445665 4.0 19.0 0.0 7624211.500668838 746927.9930164118 1.4352272727272728
59269.23088042 2459269.732133899 289.29920399794355 3.73253760044463 4.0 19.0 1.0 7632451.034574067 747745.4431113583 1.4352272727272728
59269.232176715 2459269.7334302287 291.1658687959425 5.599202398443595 4.0 19.0 0.0 7630857.918842415 747567.079568235 1.4352272727272728
59269.23347301 2459269.7347265584 293.0325335939415 7.465867196442559 4.0 19.0 1.0 7635644.214848679 748051.1106591268 1.4352272727272728
59269.23476931 2459269.736022892 294.8992056003772 9.332539202878252 4.0 19.0 0.0 7633016.683612455 747770.1578763684 1.4352272727272728
59269.236065605 2459269.73731922 296.76587039837614 11.199204000877216 4.0 19.0 1.0 7636558.208460328 748167.3829552433 1.4352272727272728
59269.2373619 2459269.7386155464 298.6325351963751 13.065868798876181 4.0 19.0 0.0 7634314.3008662155 747897.0032385181 1.4352272727272728
59269.238658195 2459269.7399118715 300.49919999437407 14.932533596875146 4.0 19.0 1.0 7637826.409039029 748235.1621234042 1.4352272727272728
59269.239954495 2459269.7412082 302.36587200080976 16.79920560331084 4.0 19.0 0.0 7634122.662494565 747875.426957484 1.4352272727272728
59269.24125079 2459269.742504522 304.2325367988087 18.665870401309803 4.0 19.0 1.0 7639675.029552915 748439.3828645466 1.4352272727272728
59269.242547085 2459269.7438008427 306.0992015968077 20.532535199308768 4.0 19.0 0.0 7636266.783600448 748079.1476287368 1.4352272727272728
59269.24384338 2459269.7450971613 307.96586639480665 22.399199997307733 4.0 19.0 1.0 7639342.687377673 748403.292219024 1.4352272727272728
59269.24513968 2459269.7463934836 309.83253840124235 24.265872003743425 4.0 19.0 0.0 7635518.465817681 748007.4373497507 1.4352272727272728
59269.246435975 2459269.747689799 311.6992031992413 26.13253680174239 4.0 19.0 1.0 7639105.69751076 748402.8895417454 1.4352272727272728
59269.24773227 2459269.748986113 313.5658679972403 27.999201599741355 4.0 19.0 0.0 7635846.769515789 748037.4742143438 1.4352272727272728
59269.249028570004 2459269.7502824296 315.43254000367597 29.865873606177047 4.0 19.0 1.0 7639463.846215687 748410.0962044757 1.4352272727272728
59269.250324865 2459269.7515787403 317.29920480167493 31.73253840417601 4.0 19.0 0.0 7636113.790428017 748061.6147884157 1.4352272727272728
59269.25162116 2459269.7528750496 319.1658695996739 33.59920320217498 4.0 19.0 1.0 7639064.28614119 748372.2123678697 1.4352272727272728
59269.252917455 2459269.754171357 321.03253439767286 35.46586800017394 4.0 19.0 0.0 7637364.312019935 748175.6780630402 1.4352272727272728
59269.25421375 2459269.7554676635 322.8991991956718 37.332532798172906 4.0 19.0 1.0 7639857.816763592 748442.3935639829 1.4352272727272728
59269.25551005 2459269.756763974 324.7658712021075 39.1992048046086 4.0 19.0 0.0 7634922.264852914 747943.1214971349 1.4352272727272728
59269.256806345 2459269.7580602793 326.6325360001065 41.06586960260756 4.0 19.0 1.0 7637902.110390186 748262.2481290892 1.4352272727272728
59269.25810264 2459269.759356583 328.49920079810545 42.93253440060653 4.0 19.0 0.0 7635818.500719494 748027.0097885282 1.4352272727272728
59269.259398940005 2459269.760652892 330.36587280454114 44.79920640704222 4.0 19.0 1.0 7637355.297694253 748207.6490124551 1.4352272727272728
59269.260695235 2459269.761949195 332.2325376025401 46.665871205041185 4.0 19.0 0.0 7636571.267670826 748100.7905625594 1.4352272727272728
59269.26199153 2459269.7632454988 334.09920240053907 48.53253600304015 4.0 19.0 1.0 7639849.040747598 748445.7223412686 1.4352272727272728
