run/run_2021-08-21_02-00-29_L-98-59_Hubble15856_spec/extracted_sp/bins12_2021-08-24_19-02-57/speclc1.387.txt
# %ECSV 0.9
# ---
# datatype:
# - {name: t_mjd, datatype: float64}
# - {name: t_bjd, datatype: float64}
# - {name: t_visit, datatype: float64}
# - {name: t_orbit, datatype: float64}
# - {name: ivisit, datatype: float64}
# - {name: iorbit, datatype: float64}
# - {name: scan, datatype: float64}
# - {name: spec_opt, datatype: float64}
# - {name: var_opt, datatype: float64}
# - {name: wave, datatype: float64}
# schema: astropy-2.0
t_mjd t_bjd t_visit t_orbit ivisit iorbit scan spec_opt var_opt wave
[from data line 127]
58946.867490955 2458947.3691788097 44.79919920908287 44.79919920908287 1.0 4.0 1.0 7667767.481612918 752430.971689935 1.3875
58946.86878725 2458947.370475099 46.66586400708184 46.66586400708184 1.0 4.0 0.0 7664982.69215364 752137.9177418653 1.3875
58946.870083545 2458947.3717713887 48.5325288050808 48.5325288050808 1.0 4.0 1.0 7666424.132731322 752294.4966768419 1.3875
58946.900754845 2458947.4024427715 92.69920080900192 1.8658656044863164 1.0 5.0 0.0 7649875.367928503 750691.065821023 1.3875
58946.90205114 2458947.4037390784 94.56586560700089 3.7325304024852812 1.0 5.0 1.0 7657184.820533824 751422.742932146 1.3875
58946.903347435 2458947.4050353845 96.43253040499985 5.599195200484246 1.0 5.0 0.0 7655899.291682923 751274.4621259915 1.3875
58946.904643735004 2458947.4063316956 98.29920241143554 7.465867206919938 1.0 5.0 1.0 7661732.692869642 751859.5536641356 1.3875
58946.90594003 2458947.4076280016 100.16586720943451 9.332532004918903 1.0 5.0 0.0 7657008.048104617 751378.4176014344 1.3875
58946.907236325 2458947.408924307 102.03253200743347 11.199196802917868 1.0 5.0 1.0 7664755.025327237 752147.2767158464 1.3875
58946.90853262 2458947.410220612 103.89919680543244 13.065861600916833 1.0 5.0 0.0 7661533.695217199 751814.1616309305 1.3875
58946.909828915 2458947.411516916 105.7658616034314 14.932526398915797 1.0 5.0 1.0 7664027.92564823 752079.8535844639 1.3875
58946.911125215 2458947.4128132244 107.6325336098671 16.79919840535149 1.0 5.0 0.0 7661318.459345378 751789.3540367585 1.3875
58946.91242151 2458947.414109527 109.49919840786606 18.665863203350455 1.0 5.0 1.0 7665893.962622535 752257.2403293492 1.3875
58946.913717805 2458947.415405829 111.36586320586503 20.53252800134942 1.0 5.0 0.0 7661536.974134013 751811.882821131 1.3875
58946.915014105 2458947.4167021345 113.23253520182334 22.399199997307733 1.0 5.0 1.0 7665537.797868042 752223.9769248405 1.3875
58946.9163104 2458947.417998434 115.09920001029968 24.265864805784076 1.0 5.0 0.0 7662364.26572042 751888.24900033 1.3875
58946.917606695 2458947.419294733 116.96586480829865 26.13252960378304 1.0 5.0 1.0 7665961.127232471 752258.2882284016 1.3875
58946.91890299 2458947.4205910307 118.83252960629761 27.999194401782006 1.0 5.0 0.0 7663614.479537154 752005.676038596 1.3875
58946.920199285 2458947.421887327 120.69919440429658 29.86585919978097 1.0 5.0 1.0 7665060.020884639 752172.5699318849 1.3875
58946.921495585004 2458947.4231836274 122.56586641073227 31.732531206216663 1.0 5.0 0.0 7663229.694186383 751967.015656806 1.3875
58946.92279188 2458947.4244799227 124.43253120873123 33.59919600421563 1.0 5.0 1.0 7665782.951132843 752241.9157742342 1.3875
58946.924088175 2458947.425776216 126.2991960067302 35.46586080221459 1.0 5.0 0.0 7661109.17813042 751768.3201327947 1.3875
58946.925384475 2458947.427072514 128.1658680026885 37.332532798172906 1.0 5.0 1.0 7665307.75975057 752195.0872571623 1.3875
58946.926680770004 2458947.428368806 130.03253281116486 39.19919760664925 1.0 5.0 0.0 7663377.04540182 751983.3553176526 1.3875
58946.927977065 2458947.4296650975 131.89919760916382 41.065862404648215 1.0 5.0 1.0 7665442.212268863 752208.4224466216 1.3875
58946.92927336 2458947.4309613886 133.76586240716279 42.93252720264718 1.0 5.0 0.0 7662891.383065679 751937.0866512015 1.3875
58946.930569660006 2458947.432257684 135.63253441359848 44.79919920908287 1.0 5.0 1.0 7663798.342698654 752054.5768639274 1.3875
58946.931865955004 2458947.4335539737 137.49919921159744 46.66586400708184 1.0 5.0 0.0 7662058.101483204 751862.6312556623 1.3875
58946.93316225 2458947.434850264 139.3658640095964 48.5325288050808 1.0 5.0 1.0 7665310.64876992 752195.8968411208 1.3875
58946.966831325 2458947.4685194087 187.84933200571686 1.865872791968286 1.0 6.0 0.0 7644666.259993757 750193.6281282874 1.3875
58946.96812762 2458947.4698157148 189.71599680371583 3.732537589967251 1.0 6.0 1.0 7652439.059820597 750967.8466032222 1.3875
58946.96942392 2458947.471112026 191.58266881015152 5.599209596402943 1.0 6.0 0.0 7649252.544263051 750636.2876401083 1.3875
58946.970720215 2458947.472408332 193.44933360815048 7.465874394401908 1.0 6.0 1.0 7654072.448654361 751124.019447217 1.3875
58946.97201651 2458947.473704638 195.31599840614945 9.332539192400873 1.0 6.0 0.0 7652476.856989264 750931.2323719313 1.3875
58946.973312805 2458947.475000943 197.1826632041484 11.199203990399837 1.0 6.0 1.0 7656496.986947703 751354.410558902 1.3875
58946.9746091 2458947.4762972477 199.04932800214738 13.065868788398802 1.0 6.0 0.0 7655671.601533933 751250.974124156 1.3875
58946.9759054 2458947.477593557 200.91600000858307 14.932540794834495 1.0 6.0 1.0 7657105.087742601 751410.1999324788 1.3875
58946.977201695 2458947.4788898607 202.78266480658203 16.79920559283346 1.0 6.0 0.0 7655054.752230338 751189.4058910551 1.3875
58946.97849799 2458947.480186163 204.649329604581 18.665870390832424 1.0 6.0 1.0 7658836.183297541 751578.1723480977 1.3875
58946.979794290004 2458947.4814824695 206.5160016110167 20.532542397268116 1.0 6.0 0.0 7655411.467060266 751219.4929715438 1.3875
58946.981090585 2458947.48277877 208.38266640901566 22.39920719526708 1.0 6.0 1.0 7656697.70998562 751375.6348513545 1.3875
58946.98238688 2458947.48407507 210.24933120701462 24.265871993266046 1.0 6.0 0.0 7655517.226429464 751231.2743500117 1.3875
58946.983683175 2458947.4853713685 212.11599600501359 26.13253679126501 1.0 6.0 1.0 7659761.814745042 751641.4841186237 1.3875
58946.984979475004 2458947.4866676712 213.98266801144928 27.999208797700703 1.0 6.0 0.0 7656767.611908064 751348.6710050114 1.3875
58946.98627577 2458947.4879639675 215.84933280944824 29.865873595699668 1.0 6.0 1.0 7658826.132206512 751573.9784704489 1.3875
58946.987572065 2458947.4892602633 217.7159976074472 31.732538393698633 1.0 6.0 0.0 7657390.419009009 751404.4048499806 1.3875
58946.98886836 2458947.490556558 219.58266240544617 33.5992031916976 1.0 6.0 1.0 7659077.679912787 751597.1599979621 1.3875
58946.990164660005 2458947.4918528567 221.44933441188186 35.46587519813329 1.0 6.0 0.0 7656529.166089429 751324.8541791075 1.3875
58946.991460955 2458947.4931491497 223.31599920988083 37.332539996132255 1.0 6.0 1.0 7659853.218995112 751671.7986701239 1.3875
58946.99275725 2458947.4944454418 225.1826640078798 39.19920479413122 1.0 6.0 0.0 7661477.822564324 751800.4874294016 1.3875
58946.994053545 2458947.4957417333 227.04932880587876 41.065869592130184 1.0 6.0 1.0 7663408.69556131 752017.0333902822 1.3875
58946.995349845005 2458947.497038029 228.91600081231445 42.93254159856588 1.0 6.0 0.0 7661377.961520399 751791.3709953566 1.3875
58946.99664614 2458947.4983343193 230.78266561031342 44.79920639656484 1.0 6.0 1.0 7663226.8102813205 751997.7565757284 1.3875
58946.997942435 2458947.49963061 232.64933040831238 46.665871194563806 1.0 6.0 0.0 7661901.189582112 751845.2036049453 1.3875
58946.99923873 2458947.5009268997 234.51599520631135 48.53253599256277 1.0 6.0 1.0 7661974.210975455 751878.989935007 1.3875
58947.03290762 2458947.5345958583 282.99919680459425 1.8658656044863164 1.0 7.0 0.0 7647449.316347561 750461.6367941316 1.3875
58947.034203920004 2458947.5358921695 284.86586881102994 3.7325376109220088 1.0 7.0 1.0 7653797.450857564 751099.0278074273 1.3875
58947.035500215 2458947.5371884755 286.7325336090289 5.5992024089209735 1.0 7.0 0.0 7653878.085119248 751080.4796632687 1.3875
58947.03679651 2458947.538484782 288.59919840702787 7.465867206919938 1.0 7.0 1.0 7658946.478625569 751592.2933449093 1.3875
58947.038092805 2458947.5397810875 290.46586320502684 9.332532004918903 1.0 7.0 0.0 7656637.634167241 751343.6764016063 1.3875
58947.0393891 2458947.5410773926 292.3325280030258 11.199196802917868 1.0 7.0 1.0 7658551.791637821 751552.6329875713 1.3875
58947.0406854 2458947.542373702 294.1992000094615 13.06586880935356 1.0 7.0 0.0 7658277.685043164 751500.034407234 1.3875
58947.041981695 2458947.5436700066 296.06586480746046 14.932533607352525 1.0 7.0 1.0 7658416.792156152 751541.0055471666 1.3875
58947.04327799 2458947.5449663093 297.9325296054594 16.79919840535149 1.0 7.0 0.0 7658730.892843583 751548.0681156276 1.3875
58947.044574290005 2458947.5462626168 299.7992016118951 18.665870411787182 1.0 7.0 1.0 7660923.418248901 751780.5261707281 1.3875
58947.045870585 2458947.5475589186 301.6658664098941 20.532535209786147 1.0 7.0 0.0 7658741.038145837 751544.3208960725 1.3875
58947.04716688 2458947.5488552195 303.53253120789304 22.39920000778511 1.0 7.0 1.0 7661573.229957017 751840.6327628273 1.3875
58947.048463175 2458947.550151519 305.399196005892 24.265864805784076 1.0 7.0 0.0 7660096.474605088 751672.914175217 1.3875
58947.049759475005 2458947.5514478222 307.2658680123277 26.13253681221977 1.0 7.0 1.0 7662873.582934791 751968.7683560514 1.3875
58947.05105577 2458947.55274412 309.13253281032667 27.999201610218734 1.0 7.0 0.0 7658551.273559228 751526.6286887621 1.3875
58947.052352065 2458947.5540404166 310.99919760832563 29.8658664082177 1.0 7.0 1.0 7662018.741700158 751885.4627016686 1.3875
58947.05364836 2458947.5553367124 312.8658624063246 31.732531206216663 1.0 7.0 0.0 7660042.4251000965 751668.6801485837 1.3875
58947.054944660005 2458947.556633012 314.7325344127603 33.599203212652355 1.0 7.0 1.0 7662070.4013343705 751883.7389019786 1.3875
58947.056240955004 2458947.5579293054 316.59919921075925 35.46586801065132 1.0 7.0 0.0 7660787.256432013 751733.4030922747 1.3875
58947.05753725 2458947.559225599 318.4658640087582 37.332532808650285 1.0 7.0 1.0 7662019.043991023 751876.6582880121 1.3875
58947.058833545 2458947.560521891 320.3325288067572 39.19919760664925 1.0 7.0 0.0 7659729.07277991 751637.455836433 1.3875
58947.060129845006 2458947.5618181876 322.1992008131929 41.06586961308494 1.0 7.0 1.0 7662828.190582805 751958.4896729965 1.3875
58947.061426140004 2458947.5631144783 324.06586561119184 42.93253441108391 1.0 7.0 0.0 7660458.9522840995 751706.9996978584 1.3875
58947.062722435 2458947.564410769 325.9325304091908 44.79919920908287 1.0 7.0 1.0 7661710.768158522 751846.38322665 1.3875
58947.06401873 2458947.565707059 327.79919520718977 46.66586400708184 1.0 7.0 0.0 7659754.297028092 751636.5838480137 1.3875
58947.065315030006 2458947.567003354 329.66586721362546 48.53253601351753 1.0 7.0 1.0 7662350.3480860535 751912.07794308 1.3875
59120.318630155 2459120.8177504004 1.8658656044863164 1.8658656044863164 2.0 8.0 0.0 7600837.976133096 745990.3643176154 1.3875
59120.319926455 2459120.819046701 3.73253760044463 3.73253760044463 2.0 8.0 1.0 7622796.040893604 748121.5391603955 1.3875
59120.321222750004 2459120.8203429957 5.5992024089209735 5.5992024089209735 2.0 8.0 0.0 7624688.712780153 748278.6827404652 1.3875
59120.322519045 2459120.82163929 7.465867206919938 7.465867206919938 2.0 8.0 1.0 7638685.238828066 749647.3033562892 1.3875
59120.32381534 2459120.822935584 9.332532004918903 9.332532004918903 2.0 8.0 0.0 7638211.968606093 749577.4987044558 1.3875
59120.32511164 2459120.824231882 11.199204000877216 11.199204000877216 2.0 8.0 1.0 7647529.274472485 750496.0811470287 1.3875
59120.326407935 2459120.8255281746 13.065868798876181 13.065868798876181 2.0 8.0 0.0 7644704.161388741 750201.1518618508 1.3875
59120.32770423 2459120.8268244658 14.932533607352525 14.932533607352525 2.0 8.0 1.0 7653048.727383995 751026.0479574724 1.3875
59120.329000525 2459120.8281207564 16.79919840535149 16.79919840535149 2.0 8.0 0.0 7648129.030195271 750530.7679982836 1.3875
59120.330296825 2459120.829417051 18.665870401309803 18.665870401309803 2.0 8.0 1.0 7656071.5468206275 751318.5781775445 1.3875
59120.331593120005 2459120.830713339 20.532535209786147 20.532535209786147 2.0 8.0 0.0 7655508.634151983 751240.4269750066 1.3875
59120.332889415 2459120.832009626 22.39920000778511 22.39920000778511 2.0 8.0 1.0 7657225.815141956 751431.4237774211 1.3875
59120.334185715 2459120.833305917 24.265872003743425 24.265872003743425 2.0 8.0 0.0 7657207.186829301 751405.9854049918 1.3875
59120.33548201 2459120.8346022028 26.13253680174239 26.13253680174239 2.0 8.0 1.0 7660987.929655321 751793.4214043665 1.3875
59120.336778305 2459120.8358984864 27.999201599741355 27.999201599741355 2.0 8.0 0.0 7658363.759970491 751512.930610852 1.3875
59120.338074600004 2459120.837194769 29.8658664082177 29.8658664082177 2.0 8.0 1.0 7662872.3862672085 751972.215125828 1.3875
59120.339370895 2459120.838491051 31.732531206216663 31.732531206216663 2.0 8.0 0.0 7661066.913080489 751779.6382515198 1.3875
59120.340667195 2459120.839787337 33.59920320217498 33.59920320217498 2.0 8.0 1.0 7662341.388751291 751925.6362761123 1.3875
59120.341963490006 2459120.841083617 35.46586801065132 35.46586801065132 2.0 8.0 0.0 7661041.10000871 751772.4836613928 1.3875
59120.343259785004 2459120.842379896 37.332532808650285 37.332532808650285 2.0 8.0 1.0 7662785.165109624 751966.0413165627 1.3875
59120.344556085 2459120.8436761796 39.1992048046086 39.1992048046086 2.0 8.0 0.0 7660992.155283321 751765.5379482599 1.3875
59120.34585238 2459120.844972458 41.06586960260756 41.06586960260756 2.0 8.0 1.0 7664603.038535088 752136.809182432 1.3875
59120.347148675 2459120.846268736 42.93253440060653 42.93253440060653 2.0 8.0 0.0 7662502.223517534 751912.9316467821 1.3875
59120.348444970004 2459120.847565013 44.79919920908287 44.79919920908287 2.0 8.0 1.0 7664433.994281193 752117.9493993085 1.3875
59120.349741265 2459120.8488612906 46.66586400708184 46.66586400708184 2.0 8.0 0.0 7661270.818242187 751792.3138734376 1.3875
59120.351037565 2459120.850157573 48.53253600304015 48.53253600304015 2.0 8.0 1.0 7663710.193796421 752050.9586886573 1.3875
59120.382449785 2459120.8815695937 93.76613280270249 1.866132002323866 2.0 9.0 0.0 7647348.984579955 750465.3070333342 1.3875
59120.383746085 2459120.8828658946 95.6328047986608 3.7328039982821792 2.0 9.0 1.0 7655549.250130058 751276.5965037391 1.3875
59120.38504238 2459120.8841621904 97.49946960713714 5.599468806758523 2.0 9.0 0.0 7654019.784061394 751101.7082653878 1.3875
59120.38633849 2459120.8854583004 99.36586800729856 7.465867206919938 2.0 9.0 1.0 7658718.461186737 751578.1119186275 1.3875
59120.38763497 2459120.88675478 101.23279920313507 9.332798402756453 2.0 9.0 0.0 7656324.081587717 751324.3435229011 1.3875
59120.38893108 2459120.8880508896 103.09919760329649 11.199196802917868 2.0 9.0 1.0 7660632.965804878 751759.688013344 1.3875
59120.390227565 2459120.8893473735 104.96613600756973 13.06613520719111 2.0 9.0 0.0 7657444.1508889925 751429.7453739564 1.3875
59120.39152386 2459120.8906436665 106.8328008055687 14.932800005190074 2.0 9.0 1.0 7660934.94896655 751790.2923474264 1.3875
59120.392820155 2459120.8919399586 108.69946560356766 16.79946480318904 2.0 9.0 0.0 7659212.152135752 751597.6362803248 1.3875
59120.39411627 2459120.89323607 110.56587120168842 18.665870401309803 2.0 9.0 1.0 7662009.278918052 751893.5318928023 1.3875
59120.395412750004 2459120.8945325455 112.43280240800232 20.532801607623696 2.0 9.0 0.0 7658518.7947535245 751528.2948903249 1.3875
59120.396709045 2459120.8958288347 114.29946720600128 22.39946640562266 2.0 9.0 1.0 7663328.05339922 752018.7842610433 1.3875
59120.39800534 2459120.8971251226 116.16613200400025 24.266131203621626 2.0 9.0 0.0 7660230.591719453 751699.962148377 1.3875
59120.399301640005 2459120.898421415 118.03280401043594 26.132803210057318 2.0 9.0 1.0 7663274.5242756065 752010.0962626484 1.3875
59120.400597935004 2459120.8997177007 119.8994688084349 27.999468008056283 2.0 9.0 0.0 7661737.12338329 751840.9409972567 1.3875
59120.40189423 2459120.9010139853 121.76613360643387 29.866132806055248 2.0 9.0 1.0 7664524.229089908 752132.8368796896 1.3875
59120.403190525 2459120.902310269 123.63279840443283 31.732797604054213 2.0 9.0 0.0 7661618.997549423 751817.1352035274 1.3875
59120.404486825 2459120.903606557 125.49947040039115 33.599469600012526 2.0 9.0 1.0 7663742.629333686 752060.6761102219 1.3875
