run/run_2021-08-21_02-00-29_L-98-59_Hubble15856_spec/extracted_sp/bins12_2021-08-24_19-02-57/speclc1.578.txt
# %ECSV 0.9
# ---
# datatype:
# - {name: t_mjd, datatype: float64}
# - {name: t_bjd, datatype: float64}
# - {name: t_visit, datatype: float64}
# - {name: t_orbit, datatype: float64}
# - {name: ivisit, datatype: float64}
# - {name: iorbit, datatype: float64}
# - {name: scan, datatype: float64}
# - {name: spec_opt, datatype: float64}
# - {name: var_opt, datatype: float64}
# - {name: wave, datatype: float64}
# schema: astropy-2.0
t_mjd t_bjd t_visit t_orbit ivisit iorbit scan spec_opt var_opt wave
58888.252084215 2458888.753034453 1.8658655940089375 1.8658655940089375 0.0 0.0 0.0 7212603.340099243 707424.2635238565 1.5784090909090909
58888.253380509996 2458888.7543307883 3.7325303920079023 3.7325303920079023 0.0 0.0 1.0 7253847.778922 711410.6396798313 1.5784090909090909
58888.25467699 2458888.755627308 5.5994615983217955 5.5994615983217955 0.0 0.0 0.0 7268627.944836691 712800.4482486192 1.5784090909090909
58888.255973105 2458888.756923462 7.465867196442559 7.465867196442559 0.0 0.0 1.0 7285000.8975211345 714435.7490548992 1.5784090909090909
58888.2572694 2458888.7582197953 9.332531994441524 9.332531994441524 0.0 0.0 0.0 7291096.559922468 714964.2923090657 1.5784090909090909
58888.258565694996 2458888.7595161274 11.199196792440489 11.199196792440489 0.0 0.0 1.0 7299932.141589634 715865.7794411172 1.5784090909090909
58888.259861989995 2458888.7608124586 13.065861590439454 13.065861590439454 0.0 0.0 0.0 7304933.742828604 716290.0592353739 1.5784090909090909
58888.261158285 2458888.7621087884 14.932526398915797 14.932526398915797 0.0 0.0 1.0 7309055.592144883 716710.229762181 1.5784090909090909
58888.262454585 2458888.763405122 16.79919839487411 16.79919839487411 0.0 0.0 0.0 7313726.1478922395 717131.938504779 1.5784090909090909
58888.263750879996 2458888.7647014484 18.665863192873076 18.665863192873076 0.0 0.0 1.0 7316266.579341711 717400.826265627 1.5784090909090909
58888.265047175 2458888.765997773 20.53252800134942 20.53252800134942 0.0 0.0 0.0 7320150.781234369 717745.2411209696 1.5784090909090909
58888.266343475 2458888.7672941014 22.399199997307733 22.399199997307733 0.0 0.0 1.0 7318362.1175275855 717605.1183151335 1.5784090909090909
58888.26763977 2458888.7685904233 24.265864795306697 24.265864795306697 0.0 0.0 0.0 7325892.935640173 718294.3978915927 1.5784090909090909
58888.268936065 2458888.7698867433 26.132529593305662 26.132529593305662 0.0 0.0 1.0 7323766.98778996 718142.8997629029 1.5784090909090909
58888.270232359995 2458888.7711830614 27.999194391304627 27.999194391304627 0.0 0.0 0.0 7326502.433517665 718350.7817093353 1.5784090909090909
58888.27152866 2458888.772479383 29.86586639774032 29.86586639774032 0.0 0.0 1.0 7325765.942010258 718313.3104255936 1.5784090909090909
58888.272824955 2458888.773775698 31.732531195739284 31.732531195739284 0.0 0.0 0.0 7327742.60849421 718468.6938166799 1.5784090909090909
58888.274121434995 2458888.7750721965 33.5994623915758 33.5994623915758 0.0 0.0 1.0 7327900.518322348 718545.8819595476 1.5784090909090909
58888.275417545 2458888.776368324 35.46586080221459 35.46586080221459 0.0 0.0 0.0 7328920.910860123 718586.4920075673 1.5784090909090909
58888.276713845 2458888.77766464 37.332532798172906 37.332532798172906 0.0 0.0 1.0 7327749.387333028 718498.5167001319 1.5784090909090909
58888.27801014 2458888.7789609507 39.19919759617187 39.19919759617187 0.0 0.0 0.0 7330595.658259195 718748.129172511 1.5784090909090909
58888.279306435 2458888.78025726 41.065862394170836 41.065862394170836 0.0 0.0 1.0 7329616.738776593 718704.1160777012 1.5784090909090909
58888.280602735 2458888.7815535734 42.93253440060653 42.93253440060653 0.0 0.0 0.0 7331208.701488281 718803.7802306203 1.5784090909090909
58888.28189903 2458888.782849882 44.79919919860549 44.79919919860549 0.0 0.0 1.0 7329810.7981601255 718699.5764804531 1.5784090909090909
58888.283195325 2458888.78414619 46.66586399660446 46.66586399660446 0.0 0.0 0.0 7333741.451411194 719045.5417908491 1.5784090909090909
58888.28449162 2458888.7854424976 48.53252879460342 48.53252879460342 0.0 0.0 1.0 7331541.983702216 718890.8265147497 1.5784090909090909
58888.318183845 2458888.8191354494 97.04933279310353 1.866132002323866 0.0 1.0 0.0 7317819.254142062 717524.6282990321 1.5784090909090909
58888.319480139995 2458888.8204317843 98.9159975911025 3.7327968003228307 0.0 1.0 1.0 7319332.595558433 717729.7842424697 1.5784090909090909
58888.320776435 2458888.821728119 100.78266239957884 5.599461608799174 0.0 1.0 0.0 7324666.829378461 718189.7013269853 1.5784090909090909
58888.322072735 2458888.8230244583 102.64933439553715 7.466133604757488 0.0 1.0 1.0 7324431.527431333 718216.1644759566 1.5784090909090909
58888.32336903 2458888.8243207913 104.51599919353612 9.332798402756453 0.0 1.0 0.0 7325999.678627453 718302.9146838747 1.5784090909090909
58888.324665325 2458888.825617124 106.38266400201246 11.199463211232796 0.0 1.0 1.0 7325330.422934603 718301.6879108947 1.5784090909090909
58888.32596162 2458888.826913455 108.24932880001143 13.066128009231761 0.0 1.0 0.0 7327942.629612368 718501.568542247 1.5784090909090909
58888.32725773 2458888.8282095995 110.11572720017284 14.932526409393176 0.0 1.0 1.0 7328541.072191054 718610.1514554379 1.5784090909090909
58888.328554215 2458888.8295061174 111.9826655939687 16.79946480318904 0.0 1.0 0.0 7331017.749378452 718793.1294181744 1.5784090909090909
58888.329850509996 2458888.830802444 113.84933039196767 18.666129601188004 0.0 1.0 1.0 7326602.080927936 718423.4803060136 1.5784090909090909
58888.331146805 2458888.8320987695 115.71599520044401 20.532794409664348 0.0 1.0 0.0 7328144.555051257 718514.3183152288 1.5784090909090909
58888.332443105 2458888.833395098 117.58266719640233 22.39946640562266 0.0 1.0 1.0 7328806.207006693 718604.9309477741 1.5784090909090909
58888.3337394 2458888.8346914193 119.44933199440129 24.266131203621626 0.0 1.0 0.0 7329825.405332449 718673.6820670854 1.5784090909090909
58888.335035694996 2458888.8359877393 121.31599679240026 26.13279600162059 0.0 1.0 1.0 7328349.011812252 718581.5516441675 1.5784090909090909
58888.336331989995 2458888.837284058 123.18266159039922 27.999460799619555 0.0 1.0 0.0 7331141.459366895 718796.6510577598 1.5784090909090909
58888.337628099995 2458888.8385801897 125.04905999056064 29.86585919978097 0.0 1.0 1.0 7328501.15863795 718577.0110108474 1.5784090909090909
58888.338924585 2458888.8398766946 126.91599839483388 31.732797604054213 0.0 1.0 0.0 7330698.16520626 718753.5253059901 1.5784090909090909
58888.340220879996 2458888.841173008 128.78266319283284 33.59946240205318 0.0 1.0 1.0 7328493.645659308 718599.4179394103 1.5784090909090909
58888.341517175 2458888.842469321 130.6493280013092 35.46612721052952 0.0 1.0 0.0 7332397.222254653 718918.159728131 1.5784090909090909
58888.34281329 2458888.8437654525 132.51573359942995 37.332532808650285 0.0 1.0 1.0 7326958.756259669 718422.4251059656 1.5784090909090909
58888.34410977 2458888.845061947 134.38266479526646 39.1994640044868 0.0 1.0 0.0 7330323.448169868 718715.0555591013 1.5784090909090909
58888.345406065 2458888.8463582564 136.24932959326543 41.066128802485764 0.0 1.0 1.0 7327904.464687693 718512.9900309942 1.5784090909090909
58888.346702359995 2458888.8476545657 138.1159943912644 42.93279360048473 0.0 1.0 0.0 7332245.542809519 718899.256974642 1.5784090909090909
58888.34799866 2458888.8489508787 139.9826663977001 44.79946560692042 0.0 1.0 1.0 7328461.474505314 718594.2725200102 1.5784090909090909
58888.349294955 2458888.8502471866 141.84933119569905 46.666130404919386 0.0 1.0 0.0 7330715.7819840005 718755.7727570258 1.5784090909090909
58888.35059125 2458888.8515434945 143.71599599369802 48.53279520291835 0.0 1.0 1.0 7329146.392294828 718662.0364589245 1.5784090909090909
58888.384294955 2458888.8852479253 192.2493312007282 1.866132002323866 0.0 2.0 0.0 7311084.620782882 716870.7434562811 1.5784090909090909
58888.38559125 2458888.8865442607 194.11599599872716 3.7327968003228307 0.0 2.0 1.0 7314779.1093550045 717292.2111058519 1.5784090909090909
58888.38688736 2458888.88784041 195.98239439888857 5.599195200484246 0.0 2.0 0.0 7316483.948764332 717397.3916669702 1.5784090909090909
58888.388183845 2458888.8891369347 197.84933280316181 7.466133604757488 0.0 2.0 1.0 7316758.203447251 717478.9779665866 1.5784090909090909
58888.389479955 2458888.890433083 199.71573120332323 9.332532004918903 0.0 2.0 0.0 7320892.931475944 717818.3402676488 1.5784090909090909
58888.390776435 2458888.8917295993 201.58266239915974 11.199463200755417 0.0 2.0 1.0 7317977.899280319 717597.9416513406 1.5784090909090909
58888.392072735 2458888.8930259356 203.44933439511806 13.06613519671373 0.0 2.0 0.0 7321178.781832674 717845.7614619519 1.5784090909090909
58888.393369030004 2458888.8943222654 205.3159992035944 14.932800005190074 0.0 2.0 1.0 7320216.882330048 717809.094702444 1.5784090909090909
58888.394665325 2458888.8956185933 207.18266400159337 16.79946480318904 0.0 2.0 0.0 7320677.389515416 717797.8635989642 1.5784090909090909
58888.39596162 2458888.89691492 209.04932879959233 18.666129601188004 0.0 2.0 1.0 7320603.851492546 717848.6010078919 1.5784090909090909
58888.397257915 2458888.898211245 210.9159935975913 20.53279439918697 0.0 2.0 0.0 7323227.332975571 718044.3188606369 1.5784090909090909
58888.398554215004 2458888.899507574 212.782665604027 22.39946640562266 0.0 2.0 1.0 7319593.399065712 717748.3883811167 1.5784090909090909
58888.39985051 2458888.900803895 214.64933040202595 24.266131203621626 0.0 2.0 0.0 7321588.840586346 717879.0631131196 1.5784090909090909
58888.401146805 2458888.902100215 216.51599520002492 26.13279600162059 0.0 2.0 1.0 7320012.915221712 717786.4252999071 1.5784090909090909
58888.402443105 2458888.9033965385 218.38266719598323 27.999467997578904 0.0 2.0 0.0 7322592.298372636 717971.8902347204 1.5784090909090909
58888.403739400004 2458888.9046928557 220.24933200445957 29.866132806055248 0.0 2.0 1.0 7320582.3527486725 717843.3988550976 1.5784090909090909
58888.405035695 2458888.9059891705 222.11599680245854 31.732797604054213 0.0 2.0 0.0 7323771.217567036 718089.0665990686 1.5784090909090909
58888.40633199 2458888.9072854845 223.9826616004575 33.59946240205318 0.0 2.0 1.0 7321972.512490033 717972.4067217837 1.5784090909090909
58888.407628285 2458888.9085817966 225.84932639845647 35.46612720005214 0.0 2.0 0.0 7322707.36308269 717988.5016006294 1.5784090909090909
58888.408924585 2458888.9098781133 227.71599839441478 37.332799196010455 0.0 2.0 1.0 7322597.96212538 718032.8675813058 1.5784090909090909
58888.41022088 2458888.9111744235 229.58266320289113 39.1994640044868 0.0 2.0 0.0 7324270.973543517 718135.6935658245 1.5784090909090909
58888.411517175 2458888.912470733 231.4493280008901 41.066128802485764 0.0 2.0 1.0 7323220.288078141 718094.6939338099 1.5784090909090909
58888.412813475 2458888.9137670468 233.3159999968484 42.93280079844408 0.0 2.0 0.0 7328717.62553234 718555.8737736765 1.5784090909090909
58888.414109770005 2458888.9150633556 235.18266480532475 44.79946560692042 0.0 2.0 1.0 7325826.6609678315 718340.4131140586 1.5784090909090909
58888.415406065 2458888.9163596635 237.0493296033237 46.666130404919386 0.0 2.0 0.0 7327778.105217011 718468.3821106579 1.5784090909090909
58888.41670236 2458888.9176559714 238.91599440132268 48.53279520291835 0.0 2.0 1.0 7327487.980993427 718500.1991928939 1.5784090909090909
58888.450417545 2458888.951371881 287.46586079592817 1.8658656044863164 0.0 3.0 0.0 7314986.079224991 717277.1799812114 1.5784090909090909
58888.451713845 2458888.952668221 289.33253280236386 3.7325376109220088 0.0 3.0 1.0 7316374.500249289 717445.6409326047 1.5784090909090909
58888.45301014 2458888.9539645556 291.1991976003628 5.5992024089209735 0.0 3.0 0.0 7319985.280269838 717724.7671661904 1.5784090909090909
58888.454306435 2458888.9552608896 293.0658623983618 7.465867206919938 0.0 3.0 1.0 7318855.746231075 717680.6484001484 1.5784090909090909
58888.455602735 2458888.9565572278 294.9325343943201 9.332539202878252 0.0 3.0 0.0 7321120.563028958 717844.2547905864 1.5784090909090909
58888.45689903 2458888.95785356 296.79919920279644 11.199204011354595 0.0 3.0 1.0 7320551.176120583 717846.2415883677 1.5784090909090909
58888.458195325 2458888.959149891 298.6658640007954 13.06586880935356 0.0 3.0 0.0 7323155.496463498 718033.58314394 1.5784090909090909
58888.45949162 2458888.9604462204 300.5325287987944 14.932533607352525 0.0 3.0 1.0 7320346.303562193 717826.1835614657 1.5784090909090909
58888.460787915 2458888.9617425487 302.39919359679334 16.79919840535149 0.0 3.0 0.0 7323674.2850526245 718087.0928929837 1.5784090909090909
58888.462084215 2458888.9630388804 304.26586560322903 18.665870411787182 0.0 3.0 1.0 7322494.403593827 718027.1778384139 1.5784090909090909
58888.46338051 2458888.964335205 306.132530401228 20.532535209786147 0.0 3.0 0.0 7323161.873201467 718034.4252169344 1.5784090909090909
58888.464676805 2458888.9656315283 307.99919519922696 22.39920000778511 0.0 3.0 1.0 7323171.224496917 718087.8261931596 1.5784090909090909
58888.465973105 2458888.9669278553 309.8658671951853 24.265872003743425 0.0 3.0 0.0 7326110.290768766 718311.3232740229 1.5784090909090909
58888.467269400004 2458888.9682241757 311.7325320036616 26.13253681221977 0.0 3.0 1.0 7322384.319761731 717988.3492985052 1.5784090909090909
58888.46856588 2458888.9695206787 313.59946319949813 27.999468008056283 0.0 3.0 0.0 7324204.87029189 718128.9099544272 1.5784090909090909
58888.46986199 2458888.9708168106 315.46586159965955 29.8658664082177 0.0 3.0 1.0 7322746.68095964 718048.8984179801 1.5784090909090909
58888.471158285 2458888.972113126 317.3325263976585 31.732531206216663 0.0 3.0 0.0 7325327.296591858 718239.0565755746 1.5784090909090909
58888.472454585004 2458888.973409445 319.1991984040942 33.599203212652355 0.0 3.0 1.0 7323442.7325397665 718114.7905349091 1.5784090909090909
58888.47375088 2458888.974705757 321.06586320209317 35.46586801065132 0.0 3.0 0.0 7324103.824456511 718117.6987900556 1.5784090909090909
58888.475047175 2458888.9760020687 322.93252800009213 37.332532808650285 0.0 3.0 1.0 7324315.442293171 718198.1139625865 1.5784090909090909
58888.476343475 2458888.977298384 324.79919999605045 39.1992048046086 0.0 3.0 0.0 7325543.1616496 718254.5327239939 1.5784090909090909
58888.477639770004 2458888.978594694 326.6658648045268 41.06586961308494 0.0 3.0 1.0 7323474.527014783 718122.6090578085 1.5784090909090909
58888.478936065 2458888.9798910026 328.53252960252576 42.93253441108391 0.0 3.0 0.0 7325565.63629404 718256.9981947901 1.5784090909090909
58888.48023236 2458888.981187311 330.3991944005247 44.79919920908287 0.0 3.0 1.0 7323490.448410758 718118.1619190911 1.5784090909090909
58888.48152866 2458888.982483624 332.26586639648303 46.665871205041185 0.0 3.0 0.0 7325028.95874247 718208.3404753923 1.5784090909090909
58888.482824955 2458888.9837799324 334.132531194482 48.53253600304015 0.0 3.0 1.0 7323589.9933029665 718128.0886905029 1.5784090909090909
58946.83767614 2458947.3393639354 1.8658656044863164 1.8658656044863164 1.0 4.0 0.0 7272997.298302629 713241.3842117493 1.5784090909090909
58946.838972435 2458947.3406602414 3.7325304024852812 3.7325304024852812 1.0 4.0 1.0 7299320.761799569 715793.8198681978 1.5784090909090909
58946.84026873 2458947.3419565475 5.599195200484246 5.599195200484246 1.0 4.0 0.0 7311891.645954948 716968.9268242482 1.5784090909090909
58946.84156503 2458947.3432528577 7.465867206919938 7.465867206919938 1.0 4.0 1.0 7320029.917075661 717780.9031168153 1.5784090909090909
58946.842861325 2458947.3445491623 9.332532004918903 9.332532004918903 1.0 4.0 0.0 7325658.075037356 718292.1383030115 1.5784090909090909
58946.84415762 2458947.3458454665 11.199196802917868 11.199196802917868 1.0 4.0 1.0 7332053.496110713 718932.2876073197 1.5784090909090909
58946.84545392 2458947.3471417744 13.06586880935356 13.06586880935356 1.0 4.0 0.0 7333375.674782297 719032.126809463 1.5784090909090909
58946.846750215 2458947.348438077 14.932533607352525 14.932533607352525 1.0 4.0 1.0 7336708.33639681 719380.2508724795 1.5784090909090909
58946.84804651 2458947.3497343785 16.79919840535149 16.79919840535149 1.0 4.0 0.0 7340827.362622007 719740.2025079428 1.5784090909090909
58946.849342805 2458947.3510306785 18.665863203350455 18.665863203350455 1.0 4.0 1.0 7340030.473714683 719700.7988267839 1.5784090909090909
58946.8506391 2458947.3523269785 20.53252800134942 20.53252800134942 1.0 4.0 0.0 7343343.828410989 719979.746097847 1.5784090909090909
