run/run_2021-08-21_02-00-29_L-98-59_Hubble15856_spec/extracted_sp/bins12_2021-08-24_19-02-57/speclc1.149.txt
# %ECSV 0.9
# ---
# datatype:
# - {name: t_mjd, datatype: float64}
# - {name: t_bjd, datatype: float64}
# - {name: t_visit, datatype: float64}
# - {name: t_orbit, datatype: float64}
# - {name: ivisit, datatype: float64}
# - {name: iorbit, datatype: float64}
# - {name: scan, datatype: float64}
# - {name: spec_opt, datatype: float64}
# - {name: var_opt, datatype: float64}
# - {name: wave, datatype: float64}
# schema: astropy-2.0
t_mjd t_bjd t_visit t_orbit ivisit iorbit scan spec_opt var_opt wave
[from data line 346]
59178.974870310005 2459179.4742590496 110.66586480243132 20.532535209786147 3.0 13.0 0.0 6214207.831203373 611426.6976707389 1.1488636363636364
59178.976166609995 2459179.475555375 112.53253678791225 22.39920719526708 3.0 13.0 1.0 6219296.178734834 611957.2983772084 1.1488636363636364
59178.977462905 2459179.4768516943 114.3992015963886 24.265872003743425 3.0 13.0 0.0 6217888.904187584 611771.413051181 1.1488636363636364
59178.9787592 2459179.478148011 116.26586639438756 26.13253680174239 3.0 13.0 1.0 6218727.12001009 611902.732489158 1.1488636363636364
59178.980055495 2459179.479444327 118.13253119238652 27.999201599741355 3.0 13.0 0.0 6216039.302890136 611598.2034258923 1.1488636363636364
59178.981351795 2459179.4807406454 119.99920319882222 29.865873606177047 3.0 13.0 1.0 6218289.7940516425 611860.9685000376 1.1488636363636364
59178.98264809 2459179.4820369575 121.86586799682118 31.73253840417601 3.0 13.0 0.0 6216893.456714164 611674.1955858162 1.1488636363636364
59178.983944385 2459179.4833332673 123.73253279482014 33.59920320217498 3.0 13.0 1.0 6218888.868289805 611920.6523768938 1.1488636363636364
59178.985240685 2459179.4846295808 125.59920479077846 35.46587519813329 3.0 13.0 0.0 6217308.091690956 611715.7061565851 1.1488636363636364
59178.986536979995 2459179.485925888 127.46586958877742 37.332539996132255 3.0 13.0 1.0 6219377.135144614 611964.6032781343 1.1488636363636364
59178.987833275 2459179.4872221933 129.33253439725377 39.1992048046086 3.0 13.0 0.0 6217721.640672322 611755.759083222 1.1488636363636364
59178.98912957 2459179.4885184974 131.19919919525273 41.06586960260756 3.0 13.0 1.0 6218250.680632441 611852.510984542 1.1488636363636364
59178.990425865 2459179.4898148007 133.0658639932517 42.93253440060653 3.0 13.0 0.0 6216549.007224898 611641.1456184664 1.1488636363636364
59178.991722164996 2459179.4911111076 134.93253598921 44.79920639656484 3.0 13.0 1.0 6218009.801828291 611831.6766480596 1.1488636363636364
59178.993018459994 2459179.4924074085 136.79920078720897 46.665871194563806 3.0 13.0 0.0 6217530.898910121 611735.9915279554 1.1488636363636364
59178.994314755 2459179.493703709 138.66586559568532 48.53253600304015 3.0 13.0 1.0 6219577.141381277 611985.7628166826 1.1488636363636364
59179.028087905 2459179.527477328 187.29920159094036 1.865872791968286 3.0 14.0 0.0 6200235.181234147 610076.7796532697 1.1488636363636364
59179.029384199996 2459179.528773657 189.16586638893932 3.732537589967251 3.0 14.0 1.0 6207293.881366038 610799.0779603273 1.1488636363636364
59179.030680494994 2459179.5300699864 191.0325311869383 5.599202387966216 3.0 14.0 0.0 6205715.570296679 610602.2635786084 1.1488636363636364
59179.031976795 2459179.5313663203 192.89920319337398 7.465874394401908 3.0 14.0 1.0 6211366.894765522 611186.2797009305 1.1488636363636364
59179.03327309 2459179.532662649 194.76586799137294 9.332539192400873 3.0 14.0 0.0 6207972.460109366 610816.0880069078 1.1488636363636364
59179.034569384996 2459179.533958977 196.6325327893719 11.199203990399837 3.0 14.0 1.0 6210915.703196828 611141.3756699724 1.1488636363636364
59179.035865679994 2459179.5352553045 198.49919758737087 13.065868788398802 3.0 14.0 0.0 6208001.322255294 610824.7885559051 1.1488636363636364
59179.03716198 2459179.5365516357 200.36586959380656 14.932540794834495 3.0 14.0 1.0 6211790.886917023 611235.2425859561 1.1488636363636364
59179.038458275 2459179.537847961 202.23253439180553 16.79920559283346 3.0 14.0 0.0 6209766.594533732 610987.5608839917 1.1488636363636364
59179.039754569996 2459179.5391442846 204.0991991898045 18.665870390832424 3.0 14.0 1.0 6212771.869942909 611334.6158243553 1.1488636363636364
59179.04105087 2459179.5404406115 205.9658711962402 20.532542397268116 3.0 14.0 0.0 6210631.322369239 611078.1229306359 1.1488636363636364
59179.042347165 2459179.541736932 207.83253599423915 22.39920719526708 3.0 14.0 1.0 6214337.846647424 611478.3353654647 1.1488636363636364
59179.04364346 2459179.5430332515 209.69920079223812 24.265871993266046 3.0 14.0 0.0 6210153.75974147 611025.1770072924 1.1488636363636364
59179.044939755 2459179.5443295687 211.56586559023708 26.13253679126501 3.0 14.0 1.0 6214119.366148038 611455.6274283509 1.1488636363636364
59179.046236049995 2459179.545625884 213.43253038823605 27.999201589263976 3.0 14.0 0.0 6210341.728990988 611049.1644284597 1.1488636363636364
59179.04753235 2459179.5469222027 215.29920239467174 29.865873595699668 3.0 14.0 1.0 6212346.482792171 611288.1166132349 1.1488636363636364
59179.048828645 2459179.548218515 217.1658671926707 31.732538393698633 3.0 14.0 0.0 6212191.08290595 611231.0389120858 1.1488636363636364
59179.05012494 2459179.5495148245 219.03253199066967 33.5992031916976 3.0 14.0 1.0 6212367.15144615 611291.6948959777 1.1488636363636364
59179.05142124 2459179.550811138 220.89920399710536 35.46587519813329 3.0 14.0 0.0 6211722.799528945 611177.3998412575 1.1488636363636364
59179.052717535 2459179.5521074445 222.76586879510432 37.332539996132255 3.0 14.0 1.0 6211685.525070961 611223.9528072596 1.1488636363636364
59179.05401383 2459179.5534037505 224.6325335931033 39.19920479413122 3.0 14.0 0.0 6211774.4353971565 611186.6159773059 1.1488636363636364
59179.055310125 2459179.554700054 226.49919839110225 41.065869592130184 3.0 14.0 1.0 6213781.836585588 611422.572497998 1.1488636363636364
59179.056606425 2459179.555996362 228.36587039753795 42.93254159856588 3.0 14.0 0.0 6211651.849800075 611170.5358152818 1.1488636363636364
59179.05790272 2459179.557292664 230.2325351955369 44.79920639656484 3.0 14.0 1.0 6213783.743358759 611431.1448201739 1.1488636363636364
59179.059199015 2459179.5585889653 232.09919999353588 46.665871194563806 3.0 14.0 0.0 6210585.649958735 611072.8003572876 1.1488636363636364
59179.06049531 2459179.559885266 233.96586479153484 48.53253599256277 3.0 14.0 1.0 6213467.470197609 611401.2099895567 1.1488636363636364
59179.09426846 2459179.5936588855 282.59920079726726 1.865872802445665 3.0 15.0 0.0 6202294.318614904 610275.9341371395 1.1488636363636364
59179.095564755 2459179.594955215 284.4658655952662 3.73253760044463 3.0 15.0 1.0 6209975.912066267 611060.1731442892 1.1488636363636364
59179.096861055004 2459179.5962515497 286.3325376017019 5.599209606880322 3.0 15.0 0.0 6207931.215055215 610813.4227060422 1.1488636363636364
59179.09815735 2459179.5975478785 288.1992023997009 7.465874404879287 3.0 15.0 1.0 6211306.378621022 611188.5554104735 1.1488636363636364
59179.099453645 2459179.5988442074 290.06586719769984 9.332539202878252 3.0 15.0 0.0 6210464.602118192 611069.27048313 1.1488636363636364
59179.10074994 2459179.6001405357 291.9325319956988 11.199204000877216 3.0 15.0 1.0 6213038.073826015 611352.7207430608 1.1488636363636364
59179.102046235 2459179.6014368627 293.7991967936978 13.065868798876181 3.0 15.0 0.0 6212407.748873237 611246.119520052 1.1488636363636364
59179.103342535 2459179.6027331944 295.66586880013347 14.932540805311874 3.0 15.0 1.0 6213669.810318758 611413.4774022222 1.1488636363636364
59179.10463883 2459179.604029519 297.53253359813243 16.79920560331084 3.0 15.0 0.0 6211905.94911049 611215.5006600637 1.1488636363636364
59179.105935125 2459179.605325843 299.3991983961314 18.665870401309803 3.0 15.0 1.0 6213458.978218278 611390.4009383002 1.1488636363636364
59179.107231425 2459179.6066221707 301.2658703920897 20.532542397268116 3.0 15.0 0.0 6212543.139908521 611251.9037267861 1.1488636363636364
59179.10852772 2459179.607918491 303.13253520056605 22.39920720574446 3.0 15.0 1.0 6215449.8803397035 611578.6499036851 1.1488636363636364
59179.109824015 2459179.6092148097 304.999199998565 24.265872003743425 3.0 15.0 0.0 6213054.485199107 611307.3101796258 1.1488636363636364
59179.11112031 2459179.6105111274 306.865864796564 26.13253680174239 3.0 15.0 1.0 6215693.478384496 611607.4533944727 1.1488636363636364
59179.112416610005 2459179.611807448 308.7325368029997 27.999208808178082 3.0 15.0 0.0 6213269.805090542 611330.9438896169 1.1488636363636364
59179.113712905004 2459179.613103761 310.59920160099864 29.865873606177047 3.0 15.0 1.0 6214520.979779325 611494.1212892971 1.1488636363636364
59179.1150092 2459179.614400073 312.4658663989976 31.73253840417601 3.0 15.0 0.0 6213576.226937812 611356.7547082502 1.1488636363636364
59179.116305495 2459179.615696383 314.33253119699657 33.59920320217498 3.0 15.0 1.0 6215568.233329276 611596.6228723188 1.1488636363636364
59179.117601795 2459179.6169926967 316.1992031929549 35.46587519813329 3.0 15.0 0.0 6212697.642571836 611266.4788123495 1.1488636363636364
59179.118898090004 2459179.618289003 318.0658680014312 37.332540006609634 3.0 15.0 1.0 6215615.168377141 611599.182876036 1.1488636363636364
59179.120194385 2459179.6195853082 319.9325327994302 39.1992048046086 3.0 15.0 0.0 6213625.932220847 611360.9301502203 1.1488636363636364
59179.121490685 2459179.620881617 321.7992047953885 41.06587680056691 3.0 15.0 1.0 6215989.666101769 611641.3309693547 1.1488636363636364
59179.12278698 2459179.6221779203 323.66586959338747 42.93254159856588 3.0 15.0 0.0 6213123.447396529 611311.9528474354 1.1488636363636364
59179.124083275 2459179.623474222 325.53253439138643 44.79920639656484 3.0 15.0 1.0 6214748.733507149 611522.0465263391 1.1488636363636364
59179.12537957 2459179.624770523 327.3991991998628 46.665871205041185 3.0 15.0 0.0 6213414.930642009 611341.9750399233 1.1488636363636364
59179.126675865 2459179.6260668235 329.26586399786174 48.53253600304015 3.0 15.0 1.0 6215826.249427587 611629.8276926929 1.1488636363636364
59269.031274124995 2459269.53252416 1.8661391898058355 1.8661391898058355 4.0 16.0 0.0 6161838.967100813 606396.3675476825 1.1488636363636364
59269.03257042 2459269.5338204913 3.7328039982821792 3.7328039982821792 4.0 16.0 1.0 6182189.096496557 608385.2253004161 1.1488636363636364
59269.033866715006 2459269.535116822 5.599468806758523 5.599468806758523 4.0 16.0 0.0 6184322.747591907 608550.2249890203 1.1488636363636364
59269.035163010005 2459269.536413152 7.466133604757488 7.466133604757488 4.0 16.0 1.0 6197052.385379234 609811.3964596987 1.1488636363636364
59269.036459309995 2459269.5377094857 9.332805590238422 9.332805590238422 4.0 16.0 0.0 6194608.202609313 609536.9185249923 1.1488636363636364
59269.03775560499 2459269.539005813 11.199470388237387 11.199470388237387 4.0 16.0 1.0 6203777.026054675 610454.6182339846 1.1488636363636364
59269.0390519 2459269.54030214 13.06613519671373 13.06613519671373 4.0 16.0 0.0 6202495.049048805 610293.592475518 1.1488636363636364
59269.040348195005 2459269.5415984653 14.932800005190074 14.932800005190074 4.0 16.0 1.0 6207950.909182711 610860.6711115596 1.1488636363636364
59269.041644494995 2459269.542894794 16.79947199067101 16.79947199067101 4.0 16.0 0.0 6206125.2748436425 610647.7283849382 1.1488636363636364
59269.04294079 2459269.544191116 18.666136799147353 18.666136799147353 4.0 16.0 1.0 6211479.7022403665 611196.6205053153 1.1488636363636364
59269.04423708501 2459269.545487437 20.532801607623696 20.532801607623696 4.0 16.0 0.0 6209882.570107908 611000.2022725557 1.1488636363636364
59269.045533380006 2459269.5467837555 22.39946640562266 22.39946640562266 4.0 16.0 1.0 6214736.373039302 611505.9903324984 1.1488636363636364
59269.046829679995 2459269.5480800774 24.266138391103595 24.266138391103595 4.0 16.0 0.0 6211607.80836893 611167.640431926 1.1488636363636364
59269.048125789996 2459269.549376208 26.13253679126501 26.13253679126501 4.0 16.0 1.0 6215114.32800772 611537.9011504382 1.1488636363636364
59269.049422085 2459269.5506725213 27.999201599741355 27.999201599741355 4.0 16.0 0.0 6212838.703158033 611276.3683397574 1.1488636363636364
59269.050718385 2459269.551968838 29.865873595699668 29.865873595699668 4.0 16.0 1.0 6217630.176588326 611778.364800926 1.1488636363636364
59269.05201468 2459269.5532651492 31.732538393698633 31.732538393698633 4.0 16.0 0.0 6214536.866052833 611440.0372451509 1.1488636363636364
59269.053310974996 2459269.5545614576 33.5992031916976 33.5992031916976 4.0 16.0 1.0 6217344.207864086 611750.841860354 1.1488636363636364
59269.054607269994 2459269.555857765 35.46586798969656 35.46586798969656 4.0 16.0 0.0 6216442.6260668775 611617.9677932808 1.1488636363636364
59269.055903565 2459269.557154072 37.332532798172906 37.332532798172906 4.0 16.0 1.0 6218033.163510438 611815.7505524388 1.1488636363636364
59269.057199865 2459269.558450382 39.19920479413122 39.19920479413122 4.0 16.0 0.0 6216870.53259158 611663.4108115442 1.1488636363636364
59269.058496159996 2459269.559746687 41.065869592130184 41.065869592130184 4.0 16.0 1.0 6218699.990702925 611877.7793506286 1.1488636363636364
59269.059792455 2459269.5610429905 42.93253440060653 42.93253440060653 4.0 16.0 0.0 6216714.672942143 611650.9203597252 1.1488636363636364
59269.061088755 2459269.562339299 44.79920639656484 44.79920639656484 4.0 16.0 1.0 6218349.612676367 611849.48160902 1.1488636363636364
59269.06238505 2459269.5636356026 46.665871194563806 46.665871194563806 4.0 16.0 0.0 6217073.555032619 611685.6256678854 1.1488636363636364
59269.063681345 2459269.5649319054 48.53253599256277 48.53253599256277 4.0 16.0 1.0 6218234.047254975 611836.8915045919 1.1488636363636364
59269.097373565004 2459269.5986247375 97.04933280358091 1.8658656044863164 4.0 17.0 0.0 6204044.272490972 610449.1997176936 1.1488636363636364
59269.098669865 2459269.5999210733 98.91600479953922 3.73253760044463 4.0 17.0 1.0 6211687.887223451 611206.5476942762 1.1488636363636364
59269.09996616 2459269.6012174035 100.78266959753819 5.599202398443595 4.0 17.0 0.0 6211268.380529918 611138.5359998969 1.1488636363636364
59269.101262455 2459269.6025137333 102.64933439553715 7.465867196442559 4.0 17.0 1.0 6212770.856660503 611328.0066555648 1.1488636363636364
59269.102558754996 2459269.6038100673 104.51600639149547 9.332539192400873 4.0 17.0 0.0 6211690.63192588 611179.9949110433 1.1488636363636364
59269.103855049994 2459269.605106395 106.38267118949443 11.199203990399837 4.0 17.0 1.0 6215871.128407644 611615.2113775593 1.1488636363636364
59269.105151345 2459269.6064027217 108.24933599797077 13.065868798876181 4.0 17.0 0.0 6213842.50284188 611381.0631360932 1.1488636363636364
59269.10644764 2459269.607699047 110.11600079596974 14.932533596875146 4.0 17.0 1.0 6217494.197137869 611770.2605956144 1.1488636363636364
59269.107743935 2459269.6089953706 111.9826655939687 16.79919839487411 4.0 17.0 0.0 6214625.897458161 611454.8638035845 1.1488636363636364
59269.109040235 2459269.610291698 113.8493376004044 18.665870401309803 4.0 17.0 1.0 6216574.631631508 611682.1004237414 1.1488636363636364
59269.11033653 2459269.611588018 115.71600239840336 20.532535199308768 4.0 17.0 0.0 6215604.494822475 611547.4798544914 1.1488636363636364
59269.111632825 2459269.612884337 117.58266719640233 22.399199997307733 4.0 17.0 1.0 6218847.99428419 611904.339781863 1.1488636363636364
59269.112929124996 2459269.614180659 119.44933919236064 24.265871993266046 4.0 17.0 0.0 6214237.43687085 611413.3523772738 1.1488636363636364
59269.114225419995 2459269.6154769748 121.3160039903596 26.13253679126501 4.0 17.0 1.0 6217491.679671473 611775.3902574278 1.1488636363636364
59269.115521715 2459269.616773288 123.18266879883595 27.999201599741355 4.0 17.0 0.0 6216722.448175296 611651.2259185272 1.1488636363636364
59269.11681801 2459269.6180696 125.04933359683491 29.86586639774032 4.0 17.0 1.0 6219246.472821647 611938.812532207 1.1488636363636364
59269.11811431 2459269.619365915 126.91600559279323 31.732538393698633 4.0 17.0 0.0 6217141.197876786 611692.1661667278 1.1488636363636364
59269.119410605 2459269.6206622245 128.78267040126957 33.59920320217498 4.0 17.0 1.0 6217792.611282214 611792.8393133217 1.1488636363636364
59269.1207069 2459269.6219585324 130.64933519926853 35.46586800017394 4.0 17.0 0.0 6217465.39419068 611719.609828605 1.1488636363636364
59269.122003195 2459269.6232548384 132.5159999972675 37.332532798172906 4.0 17.0 1.0 6218106.367216738 611820.7556559404 1.1488636363636364
