run/run_2021-08-21_02-00-29_L-98-59_Hubble15856_spec/extracted_sp/bins12_2021-08-24_19-02-57/speclc1.531.txt
# %ECSV 0.9
# ---
# datatype:
# - {name: t_mjd, datatype: float64}
# - {name: t_bjd, datatype: float64}
# - {name: t_visit, datatype: float64}
# - {name: t_orbit, datatype: float64}
# - {name: ivisit, datatype: float64}
# - {name: iorbit, datatype: float64}
# - {name: scan, datatype: float64}
# - {name: spec_opt, datatype: float64}
# - {name: var_opt, datatype: float64}
# - {name: wave, datatype: float64}
# schema: astropy-2.0
t_mjd t_bjd t_visit t_orbit ivisit iorbit scan spec_opt var_opt wave
[from data line 233]
59120.351037565 2459120.850157573 48.53253600304015 48.53253600304015 2.0 8.0 1.0 7514154.357315411 737705.967187654 1.530681818181818
59120.382449785 2459120.8815695937 93.76613280270249 1.866132002323866 2.0 9.0 0.0 7499756.7054916425 736301.445517358 1.530681818181818
59120.383746085 2459120.8828658946 95.6328047986608 3.7328039982821792 2.0 9.0 1.0 7501823.486475634 736530.4933292167 1.530681818181818
59120.38504238 2459120.8841621904 97.49946960713714 5.599468806758523 2.0 9.0 0.0 7507277.205331307 737018.8937405765 1.530681818181818
59120.38633849 2459120.8854583004 99.36586800729856 7.465867206919938 2.0 9.0 1.0 7507609.60056676 737077.3028194975 1.530681818181818
59120.38763497 2459120.88675478 101.23279920313507 9.332798402756453 2.0 9.0 0.0 7511970.1340557765 737473.8203668005 1.530681818181818
59120.38893108 2459120.8880508896 103.09919760329649 11.199196802917868 2.0 9.0 1.0 7507273.202664854 737048.3665031778 1.530681818181818
59120.390227565 2459120.8893473735 104.96613600756973 13.06613520719111 2.0 9.0 0.0 7510887.743167526 737365.6572265993 1.530681818181818
59120.39152386 2459120.8906436665 106.8328008055687 14.932800005190074 2.0 9.0 1.0 7509102.213610689 737224.7595100891 1.530681818181818
59120.392820155 2459120.8919399586 108.69946560356766 16.79946480318904 2.0 9.0 0.0 7512722.356440395 737542.2761843774 1.530681818181818
59120.39411627 2459120.89323607 110.56587120168842 18.665870401309803 2.0 9.0 1.0 7509347.066880486 737246.2757295072 1.530681818181818
59120.395412750004 2459120.8945325455 112.43280240800232 20.532801607623696 2.0 9.0 0.0 7513875.114122307 737647.5149034007 1.530681818181818
59120.396709045 2459120.8958288347 114.29946720600128 22.39946640562266 2.0 9.0 1.0 7510591.112571492 737367.422982224 1.530681818181818
59120.39800534 2459120.8971251226 116.16613200400025 24.266131203621626 2.0 9.0 0.0 7513316.282039746 737595.1870057342 1.530681818181818
59120.399301640005 2459120.898421415 118.03280401043594 26.132803210057318 2.0 9.0 1.0 7509696.50205737 737274.5989898582 1.530681818181818
59120.400597935004 2459120.8997177007 119.8994688084349 27.999468008056283 2.0 9.0 0.0 7516555.613904322 737909.6567536565 1.530681818181818
59120.40189423 2459120.9010139853 121.76613360643387 29.866132806055248 2.0 9.0 1.0 7508225.842070342 737140.4267922234 1.530681818181818
59120.403190525 2459120.902310269 123.63279840443283 31.732797604054213 2.0 9.0 0.0 7514955.073321376 737757.3638455387 1.530681818181818
59120.404486825 2459120.903606557 125.49947040039115 33.599469600012526 2.0 9.0 1.0 7510107.612811507 737321.033648535 1.530681818181818
59120.405783120004 2459120.9049028386 127.36613520886749 35.46613440848887 2.0 9.0 0.0 7514570.386324528 737718.2057549879 1.530681818181818
59120.407079415 2459120.906199119 129.23280000686646 37.332799206487834 2.0 9.0 1.0 7509855.804745717 737294.3138921503 1.530681818181818
59120.408375715 2459120.9074954037 131.09947200282477 39.19947120244615 2.0 9.0 0.0 7511960.547011021 737468.3299413271 1.530681818181818
59120.40967201 2459120.908791683 132.96613680082373 41.06613600044511 2.0 9.0 1.0 7512258.165804291 737524.8078039619 1.530681818181818
59120.410968305 2459120.9100879612 134.8328015988227 42.93280079844408 2.0 9.0 0.0 7513054.48232815 737569.6309904617 1.530681818181818
59120.4122646 2459120.9113842393 136.69946640729904 44.79946560692042 2.0 9.0 1.0 7509609.192271017 737265.144947465 1.530681818181818
59120.413560895 2459120.9126805165 138.566131205298 46.666130404919386 2.0 9.0 0.0 7514187.8276542565 737673.1230905356 1.530681818181818
59120.414857195 2459120.9139767997 140.43280320125632 48.5328024008777 2.0 9.0 1.0 7508934.41217597 737201.6706980526 1.530681818181818
59120.44857238 2459120.947691755 188.9826696063392 1.865872802445665 2.0 10.0 0.0 7496968.168816311 736034.6873777792 1.530681818181818
59120.449868675 2459120.9489880507 190.84933440433815 3.73253760044463 2.0 10.0 1.0 7498270.905020825 736185.8354845151 1.530681818181818
59120.45116497 2459120.9502843465 192.71599920233712 5.599202398443595 2.0 10.0 0.0 7502568.647733673 736570.0903164125 1.530681818181818
59120.452461265 2459120.951580642 194.58266400033608 7.465867196442559 2.0 10.0 1.0 7501794.054992748 736522.2193810088 1.530681818181818
59120.453757565 2459120.9528769418 196.44933600677177 9.332539202878252 2.0 10.0 0.0 7505526.256184 736850.8976546014 1.530681818181818
59120.45505386 2459120.954173236 198.31600080477074 11.199204000877216 2.0 10.0 1.0 7503000.010405377 736634.5859728575 1.530681818181818
59120.456350155 2459120.9554695305 200.1826656027697 13.065868798876181 2.0 10.0 0.0 7506232.986233761 736912.8375756745 1.530681818181818
59120.457646455 2459120.9567658287 202.04933759872802 14.932540794834495 2.0 10.0 1.0 7502636.2910230355 736597.7820458089 1.530681818181818
59120.45894275 2459120.9580621207 203.91600240720436 16.79920560331084 2.0 10.0 0.0 7504986.272353838 736794.7371964691 1.530681818181818
59120.460239045 2459120.959358412 205.78266720520332 18.665870401309803 2.0 10.0 1.0 7504614.029333855 736791.6984465054 1.530681818181818
59120.46153534 2459120.9606547025 207.6493320032023 20.532535199308768 2.0 10.0 0.0 7507207.377618183 737007.6004383895 1.530681818181818
59120.462831640005 2459120.961950997 209.51600400963798 22.39920720574446 2.0 10.0 1.0 7505445.423397852 736873.2421134086 1.530681818181818
59120.464127935 2459120.9632472848 211.38266880763695 24.265872003743425 2.0 10.0 0.0 7508432.537384574 737125.6482776366 1.530681818181818
59120.46542423 2459120.9645435717 213.2493336056359 26.13253680174239 2.0 10.0 1.0 7505215.7160777245 736851.1447024882 1.530681818181818
59120.466720525 2459120.965839858 215.11599840363488 27.999201599741355 2.0 10.0 0.0 7507319.448934631 737019.4715673889 1.530681818181818
59120.468016825 2459120.967136148 216.9826703995932 29.865873595699668 2.0 10.0 1.0 7505558.174617433 736880.288269296 1.530681818181818
59120.469313120004 2459120.968432431 218.84933520806953 31.73253840417601 2.0 10.0 0.0 7508683.451653447 737152.0334448644 1.530681818181818
59120.470609415 2459120.969728714 220.7160000060685 33.59920320217498 2.0 10.0 1.0 7505278.034389181 736854.0290881749 1.530681818181818
59120.471905715 2459120.9710250003 222.5826720020268 35.46587519813329 2.0 10.0 0.0 7507477.424619395 737041.6214944123 1.530681818181818
59120.473202010005 2459120.972321281 224.44933681050315 37.332540006609634 2.0 10.0 1.0 7503791.867238101 736713.6388765387 1.530681818181818
59120.474498305004 2459120.9736175607 226.31600160850212 39.1992048046086 2.0 10.0 0.0 7508860.474504896 737168.8342435725 1.530681818181818
59120.4757946 2459120.9749138397 228.18266640650108 41.06586960260756 2.0 10.0 1.0 7505126.4375363765 736838.9618655259 1.530681818181818
59120.477090895 2459120.9762101183 230.04933120450005 42.93253440060653 2.0 10.0 0.0 7506796.606477141 736967.3625714371 1.530681818181818
59120.478387195 2459120.9775064015 231.91600320045836 44.79920639656484 2.0 10.0 1.0 7505636.844849542 736886.7291157293 1.530681818181818
59120.479683490004 2459120.9788026786 233.7826680089347 46.665871205041185 2.0 10.0 0.0 7510277.287360592 737300.122078503 1.530681818181818
59120.480979785 2459120.980098956 235.64933280693367 48.53253600304015 2.0 10.0 1.0 7509444.598545323 737266.1686094359 1.530681818181818
59120.51469497 2459121.0138139124 284.19919920153916 1.865858396049589 2.0 11.0 0.0 7499519.1703108195 736278.3157821873 1.530681818181818
59120.515991265 2459121.015110208 286.0658639995381 3.7325231940485537 2.0 11.0 1.0 7500997.977794355 736447.4516636642 1.530681818181818
59120.517287565 2459121.016406509 287.9325360059738 5.599195200484246 2.0 11.0 0.0 7506291.056846001 736922.9781888921 1.530681818181818
59120.51858386 2459121.0177028044 289.7992008039728 7.465859998483211 2.0 11.0 1.0 7503486.247258146 736685.487471517 1.530681818181818
59120.519880155 2459121.0189991 291.66586560197175 9.332524796482176 2.0 11.0 0.0 7507879.358925348 737077.2647507852 1.530681818181818
59120.521176455004 2459121.0202953997 293.53253760840744 11.199196802917868 2.0 11.0 1.0 7505540.753193621 736880.6056078053 1.530681818181818
59120.52247275 2459121.0215916936 295.3992024064064 13.065861600916833 2.0 11.0 0.0 7508043.614647321 737085.0514891671 1.530681818181818
59120.523769045 2459121.0228879866 297.26586720440537 14.932526398915797 2.0 11.0 1.0 7506465.338031935 736992.4583160315 1.530681818181818
59120.52506534 2459121.024184279 299.13253200240433 16.799191196914762 2.0 11.0 0.0 7509096.455696476 737186.6683896382 1.530681818181818
59120.526361640004 2459121.025480576 300.99920400884 18.665863203350455 2.0 11.0 1.0 7507407.44789761 737090.2849231479 1.530681818181818
59120.527657935 2459121.026776866 302.865868806839 20.53252800134942 2.0 11.0 0.0 7509730.45080572 737248.8717826133 1.530681818181818
59120.52895423 2459121.0280731553 304.73253360483795 22.399192799348384 2.0 11.0 1.0 7508071.620008911 737124.6461478476 1.530681818181818
59120.530250525 2459121.0293694437 306.5991984028369 24.26585759734735 2.0 11.0 0.0 7511612.064294432 737432.4041062031 1.530681818181818
59120.531546825 2459121.0306657357 308.46587039879523 26.132529593305662 2.0 11.0 1.0 7507212.791238921 737045.0370567467 1.530681818181818
59120.53284312 2459121.0319620213 310.3325352072716 27.999194401782006 2.0 11.0 0.0 7511241.352474969 737400.4779477096 1.530681818181818
59120.534139415 2459121.033258306 312.19920000527054 29.86585919978097 2.0 11.0 1.0 7508142.64872858 737128.7680971135 1.530681818181818
59120.535435715 2459121.034554595 314.06587200122885 31.732531195739284 2.0 11.0 0.0 7511772.483850796 737449.2488303283 1.530681818181818
59120.536732010005 2459121.0358508774 315.9325368097052 33.59919600421563 2.0 11.0 1.0 7509107.7091865465 737224.6147178231 1.530681818181818
59120.538028305 2459121.0371471588 317.79920160770416 35.46586080221459 2.0 11.0 0.0 7511249.808941451 737398.2695501063 1.530681818181818
59120.5393246 2459121.038443439 319.6658664057031 37.33252560021356 2.0 11.0 1.0 7507258.464350284 737046.5703489105 1.530681818181818
59120.540620895 2459121.0397397196 321.5325312037021 39.19919039821252 2.0 11.0 0.0 7513416.104994407 737609.6676088197 1.530681818181818
59120.541917195 2459121.0410360033 323.3992031996604 41.065862394170836 2.0 11.0 1.0 7507930.916138324 737109.1276295106 1.530681818181818
59120.543213490004 2459121.042332282 325.26586800813675 42.93252720264718 2.0 11.0 0.0 7509285.419809755 737210.7268752966 1.530681818181818
59120.544509785 2459121.0436285594 327.1325328061357 44.799192000646144 2.0 11.0 1.0 7505160.20826656 736838.9042752836 1.530681818181818
59120.545806085 2459121.044924842 328.999204802094 46.66586399660446 2.0 11.0 0.0 7511879.233225557 737455.9932196304 1.530681818181818
59120.547102380006 2459121.0462211194 330.86586961057037 48.5325288050808 2.0 11.0 1.0 7509375.86548919 737245.7862382921 1.530681818181818
59178.899314755 2459179.3987022704 1.8658655940089375 1.8658655940089375 3.0 12.0 0.0 7429525.508636843 729524.5353900946 1.530681818181818
59178.900611054996 2459179.399998604 3.732537589967251 3.732537589967251 3.0 12.0 1.0 7453667.360577326 731899.8614061044 1.530681818181818
59178.901907349995 2459179.401294932 5.599202387966216 5.599202387966216 3.0 12.0 0.0 7460199.78942437 732473.6124064176 1.530681818181818
59178.903203645 2459179.4025912588 7.465867196442559 7.465867196442559 3.0 12.0 1.0 7473863.550769414 733844.582256701 1.530681818181818
59178.90449994 2459179.4038875857 9.332531994441524 9.332531994441524 3.0 12.0 0.0 7478378.758629131 734225.2143089817 1.530681818181818
59178.905796235 2459179.405183911 11.199196792440489 11.199196792440489 3.0 12.0 1.0 7483506.153918526 734777.6944275885 1.530681818181818
59178.907092535 2459179.4064802397 13.065868798876181 13.065868798876181 3.0 12.0 0.0 7485644.895100738 734925.6897530721 1.530681818181818
59178.90838883 2459179.407776562 14.932533596875146 14.932533596875146 3.0 12.0 1.0 7491611.988236335 735555.8791457078 1.530681818181818
59178.909685125 2459179.4090728834 16.79919839487411 16.79919839487411 3.0 12.0 0.0 7492433.591697404 735578.3235272776 1.530681818181818
59178.910981425 2459179.410369208 18.665870390832424 18.665870390832424 3.0 12.0 1.0 7496063.257663369 735984.632544266 1.530681818181818
59178.912277719995 2459179.4116655253 20.53253518883139 20.53253518883139 3.0 12.0 0.0 7499758.698746026 736283.7085916112 1.530681818181818
59178.913574015 2459179.412961841 22.399199997307733 22.399199997307733 3.0 12.0 1.0 7499640.179963356 736300.7328616901 1.530681818181818
59178.91487031 2459179.4142581555 24.265864795306697 24.265864795306697 3.0 12.0 0.0 7500972.532177928 736394.4447680245 1.530681818181818
59178.91616661 2459179.4155544727 26.13253679126501 26.13253679126501 3.0 12.0 1.0 7502169.285676682 736573.3502947729 1.530681818181818
59178.917462904996 2459179.4168507834 27.999201589263976 27.999201589263976 3.0 12.0 0.0 7505653.029474462 736850.7708870406 1.530681818181818
59178.918759199994 2459179.418147092 29.86586638726294 29.86586638726294 3.0 12.0 1.0 7503549.341387767 736702.9158590499 1.530681818181818
59178.920055495 2459179.4194433996 31.732531195739284 31.732531195739284 3.0 12.0 0.0 7505555.822423491 736834.1482733384 1.530681818181818
59178.921351795 2459179.420739711 33.5992031916976 33.5992031916976 3.0 12.0 1.0 7503514.715092791 736700.4814469627 1.530681818181818
59178.922648089996 2459179.422036015 35.46586798969656 35.46586798969656 3.0 12.0 0.0 7505528.541478534 736836.4392280235 1.530681818181818
59178.923944385 2459179.423332318 37.332532798172906 37.332532798172906 3.0 12.0 1.0 7504526.191469735 736799.994055949 1.530681818181818
59178.925240685 2459179.4246286256 39.19920479413122 39.19920479413122 3.0 12.0 0.0 7507191.166021062 736996.2644133357 1.530681818181818
59178.92653698 2459179.425924927 41.065869592130184 41.065869592130184 3.0 12.0 1.0 7507421.796478461 737080.9174314487 1.530681818181818
59178.927833275 2459179.427221228 42.93253439012915 42.93253439012915 3.0 12.0 0.0 7509414.203816609 737210.9404552 1.530681818181818
59178.929129569995 2459179.428517528 44.799199188128114 44.799199188128114 3.0 12.0 1.0 7506703.70923989 737016.8879710567 1.530681818181818
59178.96190735 2459179.4612957714 91.99920239509083 1.865872802445665 3.0 13.0 0.0 7491910.556606014 735523.3820922071 1.530681818181818
59178.963203645 2459179.4625921003 93.8658671930898 3.73253760044463 3.0 13.0 1.0 7496800.489688655 736049.6420914604 1.530681818181818
59178.964499940004 2459179.4638884296 95.73253200156614 5.5992024089209735 3.0 13.0 0.0 7499196.635086464 736219.0468353035 1.530681818181818
59178.965796235 2459179.4651847584 97.5991967995651 7.465867206919938 3.0 13.0 1.0 7498645.9948604815 736196.6555563404 1.530681818181818
59178.967092535 2459179.466481092 99.46586879552342 9.332539202878252 3.0 13.0 0.0 7503068.250783622 736594.7523185397 1.530681818181818
59178.96838883 2459179.46777742 101.33253359352238 11.199204000877216 3.0 13.0 1.0 7501455.220369643 736495.6490574884 1.530681818181818
59178.969685125 2459179.4690737473 103.19919839152135 13.065868798876181 3.0 13.0 0.0 7503780.43354541 736666.2231127283 1.530681818181818
59178.970981425 2459179.4703700785 105.06587039795704 14.932540805311874 3.0 13.0 1.0 7503028.322250474 736650.636231245 1.530681818181818
59178.97227772 2459179.4716664036 106.932535195956 16.79920560331084 3.0 13.0 0.0 7505112.914001631 736793.3067826086 1.530681818181818
59178.973574015 2459179.4729627273 108.79919999395497 18.665870401309803 3.0 13.0 1.0 7502433.338559896 736596.5659364717 1.530681818181818
59178.974870310005 2459179.4742590496 110.66586480243132 20.532535209786147 3.0 13.0 0.0 7504909.853348974 736774.9844408721 1.530681818181818
59178.976166609995 2459179.475555375 112.53253678791225 22.39920719526708 3.0 13.0 1.0 7506296.676685979 736970.8049834567 1.530681818181818
