run/run_2021-08-21_02-00-29_L-98-59_Hubble15856_spec/extracted_sp/bins12_2021-08-24_19-02-57/speclc1.578.txt
# %ECSV 0.9
# ---
# datatype:
# - {name: t_mjd, datatype: float64}
# - {name: t_bjd, datatype: float64}
# - {name: t_visit, datatype: float64}
# - {name: t_orbit, datatype: float64}
# - {name: ivisit, datatype: float64}
# - {name: iorbit, datatype: float64}
# - {name: scan, datatype: float64}
# - {name: spec_opt, datatype: float64}
# - {name: var_opt, datatype: float64}
# - {name: wave, datatype: float64}
# schema: astropy-2.0
t_mjd t_bjd t_visit t_orbit ivisit iorbit scan spec_opt var_opt wave
[from data line 461]
59269.124595789996 2459269.6258474537 136.24933679122478 41.065869592130184 4.0 17.0 1.0 7352846.539142761 720937.2237592931 1.5784090909090909
59269.125892085 2459269.627143758 138.11600159970112 42.93253440060653 4.0 17.0 0.0 7354248.35768809 721015.7902516046 1.5784090909090909
59269.127188385 2459269.6284400662 139.98267359565943 44.79920639656484 4.0 17.0 1.0 7354141.431120022 721054.7252010677 1.5784090909090909
59269.12848468 2459269.6297363695 141.8493383936584 46.665871194563806 4.0 17.0 0.0 7354735.456904452 721064.5223988661 1.5784090909090909
59269.129780974996 2459269.6310326727 143.71600319165736 48.53253599256277 4.0 17.0 1.0 7352791.249018476 720928.5288578041 1.5784090909090909
59269.163473010005 2459269.664725318 192.23253360483795 1.8658656044863164 4.0 18.0 0.0 7334995.27883617 719178.130908117 1.5784090909090909
59269.164769309995 2459269.666021654 194.0992055903189 3.732537589967251 4.0 18.0 1.0 7338799.720672609 719553.8555080346 1.5784090909090909
59269.16606560499 2459269.667317984 195.96587038831785 5.599202387966216 4.0 18.0 0.0 7341626.402560242 719815.8304520602 1.5784090909090909
59269.1673619 2459269.668614314 197.8325351967942 7.465867196442559 4.0 18.0 1.0 7342245.680395293 719912.8510914565 1.5784090909090909
59269.168658195005 2459269.669910643 199.69920000527054 9.332532004918903 4.0 18.0 0.0 7345610.639802531 720197.3115875152 1.5784090909090909
59269.169954494995 2459269.6712069754 201.56587199075148 11.199203990399837 4.0 18.0 1.0 7342949.413153796 719971.597029476 1.5784090909090909
59269.17125079 2459269.672503302 203.43253679922782 13.065868798876181 4.0 18.0 0.0 7346249.227336097 720254.1013856722 1.5784090909090909
59269.17254708501 2459269.6737996275 205.29920160770416 14.932533607352525 4.0 18.0 1.0 7344005.380432222 720089.5811808988 1.5784090909090909
59269.173843380006 2459269.6750959507 207.16586640570313 16.79919840535149 4.0 18.0 0.0 7345479.429082753 720183.0506779541 1.5784090909090909
59269.175139679995 2459269.676392278 209.03253839118406 18.665870390832424 4.0 18.0 1.0 7343758.642978591 720048.4986244874 1.5784090909090909
59269.176435974994 2459269.677688598 210.89920318918303 20.53253518883139 4.0 18.0 0.0 7349423.721169393 720560.093678367 1.5784090909090909
59269.17773227 2459269.6789849172 212.76586799765937 22.399199997307733 4.0 18.0 1.0 7344469.275701937 720113.6463785024 1.5784090909090909
59269.17902857 2459269.6802812396 214.63253999361768 24.265871993266046 4.0 18.0 0.0 7346736.571762696 720304.1080706047 1.5784090909090909
59269.180324864996 2459269.681577555 216.49920479161665 26.13253679126501 4.0 18.0 1.0 7345974.628381135 720302.5248948543 1.5784090909090909
59269.181621159994 2459269.6828738684 218.3658695896156 27.999201589263976 4.0 18.0 0.0 7348534.532300966 720472.4588832749 1.5784090909090909
59269.18291745499 2459269.6841701805 220.23253438761458 29.86586638726294 4.0 18.0 1.0 7346739.093425391 720374.1343786725 1.5784090909090909
59269.18421375 2459269.685466491 222.09919919609092 31.732531195739284 4.0 18.0 0.0 7348197.003234572 720433.2356404895 1.5784090909090909
59269.185510049996 2459269.686762805 223.96587119204924 33.5992031916976 4.0 18.0 1.0 7345259.649319279 720161.8699227239 1.5784090909090909
59269.186806344995 2459269.6880591125 225.8325359900482 35.46586798969656 4.0 18.0 0.0 7348654.099379927 720477.8356544265 1.5784090909090909
59269.18810264 2459269.6893554195 227.69920079852454 37.332532798172906 4.0 18.0 1.0 7348277.870370948 720495.5316971731 1.5784090909090909
59269.18939894 2459269.6906517297 229.56587279448286 39.19920479413122 4.0 18.0 0.0 7353069.819871819 720904.9335187571 1.5784090909090909
59269.190695235 2459269.6919480343 231.43253759248182 41.065869592130184 4.0 18.0 1.0 7350737.470546627 720729.3563770374 1.5784090909090909
59269.191991529995 2459269.6932443385 233.2992023904808 42.93253439012915 4.0 18.0 0.0 7351839.539262886 720785.4116141537 1.5784090909090909
59269.19328782499 2459269.694540642 235.16586718847975 44.799199188128114 4.0 18.0 1.0 7351174.408941024 720774.7001116462 1.5784090909090909
59269.194584125 2459269.6958369506 237.03253919491544 46.665871194563806 4.0 18.0 0.0 7352442.727054152 720842.5665012221 1.5784090909090909
59269.19588042 2459269.697133254 238.8992039929144 48.53253599256277 4.0 18.0 1.0 7349662.836006093 720628.2929158364 1.5784090909090909
59269.229584125 2459269.7308375677 287.4325391999446 1.865872802445665 4.0 19.0 0.0 7337002.222301425 719369.3072374001 1.5784090909090909
59269.23088042 2459269.732133899 289.29920399794355 3.73253760044463 4.0 19.0 1.0 7341006.527682678 719788.4040995317 1.5784090909090909
59269.232176715 2459269.7334302287 291.1658687959425 5.599202398443595 4.0 19.0 0.0 7344133.253391969 720056.6605557451 1.5784090909090909
59269.23347301 2459269.7347265584 293.0325335939415 7.465867196442559 4.0 19.0 1.0 7344836.526510653 720155.7022553117 1.5784090909090909
59269.23476931 2459269.736022892 294.8992056003772 9.332539202878252 4.0 19.0 0.0 7347041.918450992 720330.5314121596 1.5784090909090909
59269.236065605 2459269.73731922 296.76587039837614 11.199204000877216 4.0 19.0 1.0 7345356.29774045 720226.9944548703 1.5784090909090909
59269.2373619 2459269.7386155464 298.6325351963751 13.065868798876181 4.0 19.0 0.0 7348331.68731928 720456.0556937918 1.5784090909090909
59269.238658195 2459269.7399118715 300.49919999437407 14.932533596875146 4.0 19.0 1.0 7344846.273884812 720133.8574198192 1.5784090909090909
59269.239954495 2459269.7412082 302.36587200080976 16.79920560331084 4.0 19.0 0.0 7349455.79975851 720557.4083956027 1.5784090909090909
59269.24125079 2459269.742504522 304.2325367988087 18.665870401309803 4.0 19.0 1.0 7346655.216192512 720327.8986152132 1.5784090909090909
59269.242547085 2459269.7438008427 306.0992015968077 20.532535199308768 4.0 19.0 0.0 7349236.809930919 720541.9837056812 1.5784090909090909
59269.24384338 2459269.7450971613 307.96586639480665 22.399199997307733 4.0 19.0 1.0 7346902.026897613 720352.0812566384 1.5784090909090909
59269.24513968 2459269.7463934836 309.83253840124235 24.265872003743425 4.0 19.0 0.0 7350779.742550329 720686.0226562499 1.5784090909090909
59269.246435975 2459269.747689799 311.6992031992413 26.13253680174239 4.0 19.0 1.0 7348118.712372027 720488.6855590435 1.5784090909090909
59269.24773227 2459269.748986113 313.5658679972403 27.999201599741355 4.0 19.0 0.0 7351612.104994055 720761.6369201416 1.5784090909090909
59269.249028570004 2459269.7502824296 315.43254000367597 29.865873606177047 4.0 19.0 1.0 7345769.197705139 720240.2860160584 1.5784090909090909
59269.250324865 2459269.7515787403 317.29920480167493 31.73253840417601 4.0 19.0 0.0 7350492.663954778 720656.837780881 1.5784090909090909
59269.25162116 2459269.7528750496 319.1658695996739 33.59920320217498 4.0 19.0 1.0 7347974.766911676 720449.4511173612 1.5784090909090909
59269.252917455 2459269.754171357 321.03253439767286 35.46586800017394 4.0 19.0 0.0 7350988.895146998 720700.2521425539 1.5784090909090909
59269.25421375 2459269.7554676635 322.8991991956718 37.332532798172906 4.0 19.0 1.0 7347224.456907121 720371.6817834219 1.5784090909090909
59269.25551005 2459269.756763974 324.7658712021075 39.1992048046086 4.0 19.0 0.0 7351544.334854189 720751.8924834236 1.5784090909090909
59269.256806345 2459269.7580602793 326.6325360001065 41.06586960260756 4.0 19.0 1.0 7348004.4335788665 720454.3874876577 1.5784090909090909
59269.25810264 2459269.759356583 328.49920079810545 42.93253440060653 4.0 19.0 0.0 7351124.902494149 720714.3408328826 1.5784090909090909
59269.259398940005 2459269.760652892 330.36587280454114 44.79920640704222 4.0 19.0 1.0 7348361.86403347 720486.9920488073 1.5784090909090909
59269.260695235 2459269.761949195 332.2325376025401 46.665871205041185 4.0 19.0 0.0 7349313.772583573 720537.9970301382 1.5784090909090909
59269.26199153 2459269.7632454988 334.09920240053907 48.53253600304015 4.0 19.0 1.0 7347244.247810691 720378.7546245033 1.5784090909090909
