run/run_2021-08-21_02-00-29_L-98-59_Hubble15856_spec/extracted_sp/bins12_2021-08-24_19-02-57/speclc1.626.txt
# %ECSV 0.9
# ---
# datatype:
# - {name: t_mjd, datatype: float64}
# - {name: t_bjd, datatype: float64}
# - {name: t_visit, datatype: float64}
# - {name: t_orbit, datatype: float64}
# - {name: ivisit, datatype: float64}
# - {name: iorbit, datatype: float64}
# - {name: scan, datatype: float64}
# - {name: spec_opt, datatype: float64}
# - {name: var_opt, datatype: float64}
# - {name: wave, datatype: float64}
# schema: astropy-2.0
t_mjd t_bjd t_visit t_orbit ivisit iorbit scan spec_opt var_opt wave
[from data line 346]
59178.974870310005 2459179.4742590496 110.66586480243132 20.532535209786147 3.0 13.0 0.0 6870947.992813377 675779.1377720626 1.6261363636363637
59178.976166609995 2459179.475555375 112.53253678791225 22.39920719526708 3.0 13.0 1.0 6870825.190412757 675829.8391686471 1.6261363636363637
59178.977462905 2459179.4768516943 114.3992015963886 24.265872003743425 3.0 13.0 0.0 6870803.291319736 675757.4792931108 1.6261363636363637
59178.9787592 2459179.478148011 116.26586639438756 26.13253680174239 3.0 13.0 1.0 6870459.068106898 675789.9620964844 1.6261363636363637
59178.980055495 2459179.479444327 118.13253119238652 27.999201599741355 3.0 13.0 0.0 6871689.799752807 675845.581528567 1.6261363636363637
59178.981351795 2459179.4807406454 119.99920319882222 29.865873606177047 3.0 13.0 1.0 6871145.922976375 675855.7514682618 1.6261363636363637
59178.98264809 2459179.4820369575 121.86586799682118 31.73253840417601 3.0 13.0 0.0 6870014.456823685 675688.2108997717 1.6261363636363637
59178.983944385 2459179.4833332673 123.73253279482014 33.59920320217498 3.0 13.0 1.0 6872878.636116316 676014.1971240954 1.6261363636363637
59178.985240685 2459179.4846295808 125.59920479077846 35.46587519813329 3.0 13.0 0.0 6869460.000588687 675630.5493212272 1.6261363636363637
59178.986536979995 2459179.485925888 127.46586958877742 37.332539996132255 3.0 13.0 1.0 6871982.48736152 675934.3487012223 1.6261363636363637
59178.987833275 2459179.4872221933 129.33253439725377 39.1992048046086 3.0 13.0 0.0 6871796.026650071 675851.0155063019 1.6261363636363637
59178.98912957 2459179.4885184974 131.19919919525273 41.06586960260756 3.0 13.0 1.0 6869914.683506988 675734.3645281753 1.6261363636363637
59178.990425865 2459179.4898148007 133.0658639932517 42.93253440060653 3.0 13.0 0.0 6871621.535729168 675838.870482914 1.6261363636363637
59178.991722164996 2459179.4911111076 134.93253598921 44.79920639656484 3.0 13.0 1.0 6869093.722515408 675656.1283547113 1.6261363636363637
59178.993018459994 2459179.4924074085 136.79920078720897 46.665871194563806 3.0 13.0 0.0 6872126.815787929 675890.6329114127 1.6261363636363637
59178.994314755 2459179.493703709 138.66586559568532 48.53253600304015 3.0 13.0 1.0 6871444.565125228 675887.6481981926 1.6261363636363637
59179.028087905 2459179.527477328 187.29920159094036 1.865872791968286 3.0 14.0 0.0 6851931.364489117 673934.6151783261 1.6261363636363637
59179.029384199996 2459179.528773657 189.16586638893932 3.732537589967251 3.0 14.0 1.0 6858655.367064564 674655.0147138813 1.6261363636363637
59179.030680494994 2459179.5300699864 191.0325311869383 5.599202387966216 3.0 14.0 0.0 6858713.671747931 674589.1911766919 1.6261363636363637
59179.031976795 2459179.5313663203 192.89920319337398 7.465874394401908 3.0 14.0 1.0 6860631.30511379 674833.2517929848 1.6261363636363637
59179.03327309 2459179.532662649 194.76586799137294 9.332539192400873 3.0 14.0 0.0 6862742.534014141 674978.2990852393 1.6261363636363637
59179.034569384996 2459179.533958977 196.6325327893719 11.199203990399837 3.0 14.0 1.0 6862256.0617494015 674996.044891713 1.6261363636363637
59179.035865679994 2459179.5352553045 198.49919758737087 13.065868788398802 3.0 14.0 0.0 6862104.180696585 674919.1254492436 1.6261363636363637
59179.03716198 2459179.5365516357 200.36586959380656 14.932540794834495 3.0 14.0 1.0 6863699.385745283 675137.2948327841 1.6261363636363637
59179.038458275 2459179.537847961 202.23253439180553 16.79920559283346 3.0 14.0 0.0 6862233.286005227 674930.4135536029 1.6261363636363637
59179.039754569996 2459179.5391442846 204.0991991898045 18.665870390832424 3.0 14.0 1.0 6863913.409644158 675161.5763207219 1.6261363636363637
59179.04105087 2459179.5404406115 205.9658711962402 20.532542397268116 3.0 14.0 0.0 6864632.666582171 675167.1974739246 1.6261363636363637
59179.042347165 2459179.541736932 207.83253599423915 22.39920719526708 3.0 14.0 1.0 6862253.618204295 674998.4238993819 1.6261363636363637
59179.04364346 2459179.5430332515 209.69920079223812 24.265871993266046 3.0 14.0 0.0 6863656.057998923 675068.9761694465 1.6261363636363637
59179.044939755 2459179.5443295687 211.56586559023708 26.13253679126501 3.0 14.0 1.0 6866279.4963738285 675393.4929060796 1.6261363636363637
59179.046236049995 2459179.545625884 213.43253038823605 27.999201589263976 3.0 14.0 0.0 6864902.754675928 675183.8238443387 1.6261363636363637
59179.04753235 2459179.5469222027 215.29920239467174 29.865873595699668 3.0 14.0 1.0 6865032.183987841 675265.470678622 1.6261363636363637
59179.048828645 2459179.548218515 217.1658671926707 31.732538393698633 3.0 14.0 0.0 6865709.380955399 675258.5608239602 1.6261363636363637
59179.05012494 2459179.5495148245 219.03253199066967 33.5992031916976 3.0 14.0 1.0 6863426.125696846 675117.7157322973 1.6261363636363637
59179.05142124 2459179.550811138 220.89920399710536 35.46587519813329 3.0 14.0 0.0 6864900.432173022 675184.4163077117 1.6261363636363637
59179.052717535 2459179.5521074445 222.76586879510432 37.332539996132255 3.0 14.0 1.0 6865402.504864647 675296.759706784 1.6261363636363637
59179.05401383 2459179.5534037505 224.6325335931033 39.19920479413122 3.0 14.0 0.0 6863355.280928898 675036.0116516099 1.6261363636363637
59179.055310125 2459179.554700054 226.49919839110225 41.065869592130184 3.0 14.0 1.0 6866217.95382769 675384.6218434698 1.6261363636363637
59179.056606425 2459179.555996362 228.36587039753795 42.93254159856588 3.0 14.0 0.0 6865203.825998513 675226.4802668713 1.6261363636363637
59179.05790272 2459179.557292664 230.2325351955369 44.79920639656484 3.0 14.0 1.0 6865108.512411635 675283.6094900863 1.6261363636363637
59179.059199015 2459179.5585889653 232.09919999353588 46.665871194563806 3.0 14.0 0.0 6866329.461609861 675329.8740766074 1.6261363636363637
59179.06049531 2459179.559885266 233.96586479153484 48.53253599256277 3.0 14.0 1.0 6865363.946118273 675314.3008581781 1.6261363636363637
59179.09426846 2459179.5936588855 282.59920079726726 1.865872802445665 3.0 15.0 0.0 6856263.200563077 674349.6318442888 1.6261363636363637
59179.095564755 2459179.594955215 284.4658655952662 3.73253760044463 3.0 15.0 1.0 6859928.17365723 674777.2166003592 1.6261363636363637
59179.096861055004 2459179.5962515497 286.3325376017019 5.599209606880322 3.0 15.0 0.0 6858519.479586148 674567.9947298205 1.6261363636363637
59179.09815735 2459179.5975478785 288.1992023997009 7.465874404879287 3.0 15.0 1.0 6861714.977453511 674941.9477903452 1.6261363636363637
59179.099453645 2459179.5988442074 290.06586719769984 9.332539202878252 3.0 15.0 0.0 6862455.6831581835 674945.9766779578 1.6261363636363637
59179.10074994 2459179.6001405357 291.9325319956988 11.199204000877216 3.0 15.0 1.0 6866220.46782271 675380.0895355489 1.6261363636363637
59179.102046235 2459179.6014368627 293.7991967936978 13.065868798876181 3.0 15.0 0.0 6864225.537080737 675116.2020080514 1.6261363636363637
59179.103342535 2459179.6027331944 295.66586880013347 14.932540805311874 3.0 15.0 1.0 6866256.9144082405 675376.4638437143 1.6261363636363637
59179.10463883 2459179.604029519 297.53253359813243 16.79920560331084 3.0 15.0 0.0 6866676.750752472 675380.0999278584 1.6261363636363637
59179.105935125 2459179.605325843 299.3991983961314 18.665870401309803 3.0 15.0 1.0 6866349.153546983 675398.726660965 1.6261363636363637
59179.107231425 2459179.6066221707 301.2658703920897 20.532542397268116 3.0 15.0 0.0 6864398.915207875 675133.8949551774 1.6261363636363637
59179.10852772 2459179.607918491 303.13253520056605 22.39920720574446 3.0 15.0 1.0 6866491.67834885 675409.2005646785 1.6261363636363637
59179.109824015 2459179.6092148097 304.999199998565 24.265872003743425 3.0 15.0 0.0 6867450.126767415 675431.1744781814 1.6261363636363637
59179.11112031 2459179.6105111274 306.865864796564 26.13253680174239 3.0 15.0 1.0 6867990.176666098 675542.7315918729 1.6261363636363637
59179.112416610005 2459179.611807448 308.7325368029997 27.999208808178082 3.0 15.0 0.0 6866286.736887874 675320.9010739055 1.6261363636363637
59179.113712905004 2459179.613103761 310.59920160099864 29.865873606177047 3.0 15.0 1.0 6867282.994171963 675482.2040728605 1.6261363636363637
59179.1150092 2459179.614400073 312.4658663989976 31.73253840417601 3.0 15.0 0.0 6867860.175489185 675468.732650681 1.6261363636363637
59179.116305495 2459179.615696383 314.33253119699657 33.59920320217498 3.0 15.0 1.0 6867950.697368277 675544.1201078038 1.6261363636363637
59179.117601795 2459179.6169926967 316.1992031929549 35.46587519813329 3.0 15.0 0.0 6867525.480975546 675434.0183367647 1.6261363636363637
59179.118898090004 2459179.618289003 318.0658680014312 37.332540006609634 3.0 15.0 1.0 6867815.09138596 675544.8091886962 1.6261363636363637
59179.120194385 2459179.6195853082 319.9325327994302 39.1992048046086 3.0 15.0 0.0 6866900.392194648 675381.7636177203 1.6261363636363637
59179.121490685 2459179.620881617 321.7992047953885 41.06587680056691 3.0 15.0 1.0 6867439.88403435 675506.6486581172 1.6261363636363637
59179.12278698 2459179.6221779203 323.66586959338747 42.93254159856588 3.0 15.0 0.0 6866273.013770226 675316.8267543301 1.6261363636363637
59179.124083275 2459179.623474222 325.53253439138643 44.79920639656484 3.0 15.0 1.0 6867373.8701839475 675494.2109179088 1.6261363636363637
59179.12537957 2459179.624770523 327.3991991998628 46.665871205041185 3.0 15.0 0.0 6866499.856539638 675355.0191632911 1.6261363636363637
59179.126675865 2459179.6260668235 329.26586399786174 48.53253600304015 3.0 15.0 1.0 6867153.702353552 675482.0183321076 1.6261363636363637
59269.031274124995 2459269.53252416 1.8661391898058355 1.8661391898058355 4.0 16.0 0.0 6800307.306286709 668979.9670627675 1.6261363636363637
59269.03257042 2459269.5338204913 3.7328039982821792 3.7328039982821792 4.0 16.0 1.0 6827215.720078884 671622.6954189957 1.6261363636363637
59269.033866715006 2459269.535116822 5.599468806758523 5.599468806758523 4.0 16.0 0.0 6836446.497947354 672453.821154085 1.6261363636363637
59269.035163010005 2459269.536413152 7.466133604757488 7.466133604757488 4.0 16.0 1.0 6847701.30925262 673597.3221513717 1.6261363636363637
59269.036459309995 2459269.5377094857 9.332805590238422 9.332805590238422 4.0 16.0 0.0 6851181.23089398 673873.5188740456 1.6261363636363637
59269.03775560499 2459269.539005813 11.199470388237387 11.199470388237387 4.0 16.0 1.0 6860017.278776404 674774.8879904083 1.6261363636363637
59269.0390519 2459269.54030214 13.06613519671373 13.06613519671373 4.0 16.0 0.0 6863744.11216482 675088.0898584868 1.6261363636363637
59269.040348195005 2459269.5415984653 14.932800005190074 14.932800005190074 4.0 16.0 1.0 6867078.250660604 675458.187857621 1.6261363636363637
59269.041644494995 2459269.542894794 16.79947199067101 16.79947199067101 4.0 16.0 0.0 6867845.234955578 675472.8196703636 1.6261363636363637
59269.04294079 2459269.544191116 18.666136799147353 18.666136799147353 4.0 16.0 1.0 6872883.393958527 676009.5736890091 1.6261363636363637
59269.04423708501 2459269.545487437 20.532801607623696 20.532801607623696 4.0 16.0 0.0 6872618.445691648 675933.8911846137 1.6261363636363637
59269.045533380006 2459269.5467837555 22.39946640562266 22.39946640562266 4.0 16.0 1.0 6874508.2614409365 676164.0294092653 1.6261363636363637
59269.046829679995 2459269.5480800774 24.266138391103595 24.266138391103595 4.0 16.0 0.0 6874174.930409172 676082.2873305713 1.6261363636363637
59269.048125789996 2459269.549376208 26.13253679126501 26.13253679126501 4.0 16.0 1.0 6878476.602036389 676541.2956535533 1.6261363636363637
59269.049422085 2459269.5506725213 27.999201599741355 27.999201599741355 4.0 16.0 0.0 6876879.729227062 676326.3836639099 1.6261363636363637
59269.050718385 2459269.551968838 29.865873595699668 29.865873595699668 4.0 16.0 1.0 6880266.789862464 676712.9146931496 1.6261363636363637
59269.05201468 2459269.5532651492 31.732538393698633 31.732538393698633 4.0 16.0 0.0 6878517.918379284 676494.9667255282 1.6261363636363637
59269.053310974996 2459269.5545614576 33.5992031916976 33.5992031916976 4.0 16.0 1.0 6877078.353755135 676407.7614876642 1.6261363636363637
59269.054607269994 2459269.555857765 35.46586798969656 35.46586798969656 4.0 16.0 0.0 6879174.4009432625 676556.2128322717 1.6261363636363637
59269.055903565 2459269.557154072 37.332532798172906 37.332532798172906 4.0 16.0 1.0 6879169.093803988 676609.0687686931 1.6261363636363637
59269.057199865 2459269.558450382 39.19920479413122 39.19920479413122 4.0 16.0 0.0 6880304.672590621 676667.3302301823 1.6261363636363637
59269.058496159996 2459269.559746687 41.065869592130184 41.065869592130184 4.0 16.0 1.0 6880445.629592456 676724.4746453321 1.6261363636363637
59269.059792455 2459269.5610429905 42.93253440060653 42.93253440060653 4.0 16.0 0.0 6882003.387053101 676823.8782652335 1.6261363636363637
59269.061088755 2459269.562339299 44.79920639656484 44.79920639656484 4.0 16.0 1.0 6881810.794132564 676857.0874799192 1.6261363636363637
59269.06238505 2459269.5636356026 46.665871194563806 46.665871194563806 4.0 16.0 0.0 6881983.677825918 676831.713107157 1.6261363636363637
59269.063681345 2459269.5649319054 48.53253599256277 48.53253599256277 4.0 16.0 1.0 6879353.998694433 676622.4259954586 1.6261363636363637
59269.097373565004 2459269.5986247375 97.04933280358091 1.8658656044863164 4.0 17.0 0.0 6865288.274832475 675243.1096914386 1.6261363636363637
59269.098669865 2459269.5999210733 98.91600479953922 3.73253760044463 4.0 17.0 1.0 6870295.778364007 675746.9299757144 1.6261363636363637
59269.09996616 2459269.6012174035 100.78266959753819 5.599202398443595 4.0 17.0 0.0 6874002.856845595 676062.0485366068 1.6261363636363637
59269.101262455 2459269.6025137333 102.64933439553715 7.465867196442559 4.0 17.0 1.0 6877155.23841505 676421.6936531906 1.6261363636363637
59269.102558754996 2459269.6038100673 104.51600639149547 9.332539192400873 4.0 17.0 0.0 6876079.439000414 676262.1119044514 1.6261363636363637
59269.103855049994 2459269.605106395 106.38267118949443 11.199203990399837 4.0 17.0 1.0 6878386.134451737 676540.509917825 1.6261363636363637
59269.105151345 2459269.6064027217 108.24933599797077 13.065868798876181 4.0 17.0 0.0 6876389.196840023 676290.6490820769 1.6261363636363637
59269.10644764 2459269.607699047 110.11600079596974 14.932533596875146 4.0 17.0 1.0 6878955.302701357 676593.3732226029 1.6261363636363637
59269.107743935 2459269.6089953706 111.9826655939687 16.79919839487411 4.0 17.0 0.0 6879096.157992167 676558.8153269168 1.6261363636363637
59269.109040235 2459269.610291698 113.8493376004044 18.665870401309803 4.0 17.0 1.0 6877835.071266275 676491.738761654 1.6261363636363637
59269.11033653 2459269.611588018 115.71600239840336 20.532535199308768 4.0 17.0 0.0 6879182.06757131 676551.8529262715 1.6261363636363637
59269.111632825 2459269.612884337 117.58266719640233 22.399199997307733 4.0 17.0 1.0 6879242.321597781 676621.7121109635 1.6261363636363637
59269.112929124996 2459269.614180659 119.44933919236064 24.265871993266046 4.0 17.0 0.0 6879128.934650422 676552.5168767121 1.6261363636363637
59269.114225419995 2459269.6154769748 121.3160039903596 26.13253679126501 4.0 17.0 1.0 6881185.471764635 676804.1040446574 1.6261363636363637
59269.115521715 2459269.616773288 123.18266879883595 27.999201599741355 4.0 17.0 0.0 6879223.945497141 676569.8919908387 1.6261363636363637
59269.11681801 2459269.6180696 125.04933359683491 29.86586639774032 4.0 17.0 1.0 6881352.862582074 676823.7143070248 1.6261363636363637
59269.11811431 2459269.619365915 126.91600559279323 31.732538393698633 4.0 17.0 0.0 6881725.611220065 676803.8941223259 1.6261363636363637
59269.119410605 2459269.6206622245 128.78267040126957 33.59920320217498 4.0 17.0 1.0 6879651.677994037 676656.7704982149 1.6261363636363637
59269.1207069 2459269.6219585324 130.64933519926853 35.46586800017394 4.0 17.0 0.0 6879733.898336971 676604.2779096715 1.6261363636363637
59269.122003195 2459269.6232548384 132.5159999972675 37.332532798172906 4.0 17.0 1.0 6880203.32022374 676708.7147847896 1.6261363636363637
