run/run_2021-08-21_02-00-29_L-98-59_Hubble15856_spec/extracted_sp/bins12_2021-08-24_19-02-57/speclc1.197.txt
# %ECSV 0.9
# ---
# datatype:
# - {name: t_mjd, datatype: float64}
# - {name: t_bjd, datatype: float64}
# - {name: t_visit, datatype: float64}
# - {name: t_orbit, datatype: float64}
# - {name: ivisit, datatype: float64}
# - {name: iorbit, datatype: float64}
# - {name: scan, datatype: float64}
# - {name: spec_opt, datatype: float64}
# - {name: var_opt, datatype: float64}
# - {name: wave, datatype: float64}
# schema: astropy-2.0
t_mjd t_bjd t_visit t_orbit ivisit iorbit scan spec_opt var_opt wave
58888.252084215 2458888.753034453 1.8658655940089375 1.8658655940089375 0.0 0.0 0.0 6930133.999168933 681365.0418472425 1.196590909090909
58888.253380509996 2458888.7543307883 3.7325303920079023 3.7325303920079023 0.0 0.0 1.0 6975697.978143314 685768.2484539417 1.196590909090909
58888.25467699 2458888.755627308 5.5994615983217955 5.5994615983217955 0.0 0.0 0.0 6987752.14887598 686911.2719251533 1.196590909090909
58888.255973105 2458888.756923462 7.465867196442559 7.465867196442559 0.0 0.0 1.0 7005183.660360409 688628.7066663529 1.196590909090909
58888.2572694 2458888.7582197953 9.332531994441524 9.332531994441524 0.0 0.0 0.0 7007937.326853396 688849.7634951865 1.196590909090909
58888.258565694996 2458888.7595161274 11.199196792440489 11.199196792440489 0.0 0.0 1.0 7017617.446375921 689823.6113108463 1.196590909090909
58888.259861989995 2458888.7608124586 13.065861590439454 13.065861590439454 0.0 0.0 0.0 7020899.479344301 690091.6965365066 1.196590909090909
58888.261158285 2458888.7621087884 14.932526398915797 14.932526398915797 0.0 0.0 1.0 7031053.395017677 691089.6147316034 1.196590909090909
58888.262454585 2458888.763405122 16.79919839487411 16.79919839487411 0.0 0.0 0.0 7029391.280614171 690909.5279718925 1.196590909090909
58888.263750879996 2458888.7647014484 18.665863192873076 18.665863192873076 0.0 0.0 1.0 7034675.082738638 691434.5895940536 1.196590909090909
58888.265047175 2458888.765997773 20.53252800134942 20.53252800134942 0.0 0.0 0.0 7033783.176293729 691329.9155383841 1.196590909090909
58888.266343475 2458888.7672941014 22.399199997307733 22.399199997307733 0.0 0.0 1.0 7039604.04126253 691910.2727367476 1.196590909090909
58888.26763977 2458888.7685904233 24.265864795306697 24.265864795306697 0.0 0.0 0.0 7036938.626564294 691631.4918397571 1.196590909090909
58888.268936065 2458888.7698867433 26.132529593305662 26.132529593305662 0.0 0.0 1.0 7042197.532885794 692179.3464657459 1.196590909090909
58888.270232359995 2458888.7711830614 27.999194391304627 27.999194391304627 0.0 0.0 0.0 7041575.0150195705 692077.0542336274 1.196590909090909
58888.27152866 2458888.772479383 29.86586639774032 29.86586639774032 0.0 0.0 1.0 7044538.755809683 692379.3963242923 1.196590909090909
58888.272824955 2458888.773775698 31.732531195739284 31.732531195739284 0.0 0.0 0.0 7042673.175585898 692183.9206460495 1.196590909090909
58888.274121434995 2458888.7750721965 33.5994623915758 33.5994623915758 0.0 0.0 1.0 7046420.8960571885 692587.436866895 1.196590909090909
58888.275417545 2458888.776368324 35.46586080221459 35.46586080221459 0.0 0.0 0.0 7045867.579665606 692491.567279304 1.196590909090909
58888.276713845 2458888.77766464 37.332532798172906 37.332532798172906 0.0 0.0 1.0 7046252.239563487 692545.5579452378 1.196590909090909
58888.27801014 2458888.7789609507 39.19919759617187 39.19919759617187 0.0 0.0 0.0 7043756.5540806735 692287.551873282 1.196590909090909
58888.279306435 2458888.78025726 41.065862394170836 41.065862394170836 0.0 0.0 1.0 7047068.594347362 692646.4608657386 1.196590909090909
58888.280602735 2458888.7815535734 42.93253440060653 42.93253440060653 0.0 0.0 0.0 7045341.23060277 692438.1445855207 1.196590909090909
58888.28189903 2458888.782849882 44.79919919860549 44.79919919860549 0.0 0.0 1.0 7047454.122871654 692661.1317390715 1.196590909090909
58888.283195325 2458888.78414619 46.66586399660446 46.66586399660446 0.0 0.0 0.0 7046360.062605257 692538.1096246897 1.196590909090909
58888.28449162 2458888.7854424976 48.53252879460342 48.53252879460342 0.0 0.0 1.0 7047794.218757918 692719.4642103652 1.196590909090909
58888.318183845 2458888.8191354494 97.04933279310353 1.866132002323866 0.0 1.0 0.0 7033839.3380435025 691337.6270332601 1.196590909090909
58888.319480139995 2458888.8204317843 98.9159975911025 3.7327968003228307 0.0 1.0 1.0 7039302.836666154 691911.5855172474 1.196590909090909
58888.320776435 2458888.821728119 100.78266239957884 5.599461608799174 0.0 1.0 0.0 7038386.118377939 691782.0880762087 1.196590909090909
58888.322072735 2458888.8230244583 102.64933439553715 7.466133604757488 0.0 1.0 1.0 7042919.188373487 692256.6007661079 1.196590909090909
58888.32336903 2458888.8243207913 104.51599919353612 9.332798402756453 0.0 1.0 0.0 7040058.435896228 691933.6267953943 1.196590909090909
58888.324665325 2458888.825617124 106.38266400201246 11.199463211232796 0.0 1.0 1.0 7043821.22963256 692342.732809942 1.196590909090909
58888.32596162 2458888.826913455 108.24932880001143 13.066128009231761 0.0 1.0 0.0 7044025.877987164 692316.276182425 1.196590909090909
58888.32725773 2458888.8282095995 110.11572720017284 14.932526409393176 0.0 1.0 1.0 7045460.184232929 692498.4639220636 1.196590909090909
58888.328554215 2458888.8295061174 111.9826655939687 16.79946480318904 0.0 1.0 0.0 7044897.551887065 692400.3021148037 1.196590909090909
58888.329850509996 2458888.830802444 113.84933039196767 18.666129601188004 0.0 1.0 1.0 7047073.723861127 692650.2210838743 1.196590909090909
58888.331146805 2458888.8320987695 115.71599520044401 20.532794409664348 0.0 1.0 0.0 7044251.184166525 692338.2855486573 1.196590909090909
58888.332443105 2458888.833395098 117.58266719640233 22.39946640562266 0.0 1.0 1.0 7046184.888938222 692543.2984776017 1.196590909090909
58888.3337394 2458888.8346914193 119.44933199440129 24.266131203621626 0.0 1.0 0.0 7045484.82485391 692454.3441979933 1.196590909090909
58888.335035694996 2458888.8359877393 121.31599679240026 26.13279600162059 0.0 1.0 1.0 7046854.927457369 692629.1207624272 1.196590909090909
58888.336331989995 2458888.837284058 123.18266159039922 27.999460799619555 0.0 1.0 0.0 7043921.260681167 692303.2529745824 1.196590909090909
58888.337628099995 2458888.8385801897 125.04905999056064 29.86585919978097 0.0 1.0 1.0 7046697.929233032 692593.2883545411 1.196590909090909
58888.338924585 2458888.8398766946 126.91599839483388 31.732797604054213 0.0 1.0 0.0 7046026.606725132 692507.7065518976 1.196590909090909
58888.340220879996 2458888.841173008 128.78266319283284 33.59946240205318 0.0 1.0 1.0 7047751.233051457 692716.312846181 1.196590909090909
58888.341517175 2458888.842469321 130.6493280013092 35.46612721052952 0.0 1.0 0.0 7045057.932958075 692412.9283103801 1.196590909090909
58888.34281329 2458888.8437654525 132.51573359942995 37.332532808650285 0.0 1.0 1.0 7047804.400840299 692694.6558744716 1.196590909090909
58888.34410977 2458888.845061947 134.38266479526646 39.1994640044868 0.0 1.0 0.0 7046810.11038077 692577.827759008 1.196590909090909
58888.345406065 2458888.8463582564 136.24932959326543 41.066128802485764 0.0 1.0 1.0 7046769.78685294 692594.4120558888 1.196590909090909
58888.346702359995 2458888.8476545657 138.1159943912644 42.93279360048473 0.0 1.0 0.0 7047463.612874626 692641.6412646911 1.196590909090909
58888.34799866 2458888.8489508787 139.9826663977001 44.79946560692042 0.0 1.0 1.0 7047508.998229533 692691.822452611 1.196590909090909
58888.349294955 2458888.8502471866 141.84933119569905 46.666130404919386 0.0 1.0 0.0 7046267.351395813 692529.2951704429 1.196590909090909
58888.35059125 2458888.8515434945 143.71599599369802 48.53279520291835 0.0 1.0 1.0 7046379.59781699 692581.7023089493 1.196590909090909
58888.384294955 2458888.8852479253 192.2493312007282 1.866132002323866 0.0 2.0 0.0 7028831.421708758 690852.1948106852 1.196590909090909
58888.38559125 2458888.8865442607 194.11599599872716 3.7327968003228307 0.0 2.0 1.0 7034129.9560707845 691413.9213136102 1.196590909090909
58888.38688736 2458888.88784041 195.98239439888857 5.599195200484246 0.0 2.0 0.0 7034885.980103911 691436.6069595169 1.196590909090909
58888.388183845 2458888.8891369347 197.84933280316181 7.466133604757488 0.0 2.0 1.0 7037096.26491213 691693.5579445678 1.196590909090909
58888.389479955 2458888.890433083 199.71573120332323 9.332532004918903 0.0 2.0 0.0 7036044.295995772 691549.486615224 1.196590909090909
58888.390776435 2458888.8917295993 201.58266239915974 11.199463200755417 0.0 2.0 1.0 7037715.480536238 691756.2078219381 1.196590909090909
58888.392072735 2458888.8930259356 203.44933439511806 13.06613519671373 0.0 2.0 0.0 7037062.270734387 691645.9059947494 1.196590909090909
58888.393369030004 2458888.8943222654 205.3159992035944 14.932800005190074 0.0 2.0 1.0 7037896.837772201 691770.8927477002 1.196590909090909
58888.394665325 2458888.8956185933 207.18266400159337 16.79946480318904 0.0 2.0 0.0 7037390.325239811 691678.4217186035 1.196590909090909
58888.39596162 2458888.89691492 209.04932879959233 18.666129601188004 0.0 2.0 1.0 7038084.642525005 691786.3679757135 1.196590909090909
58888.397257915 2458888.898211245 210.9159935975913 20.53279439918697 0.0 2.0 0.0 7037607.272340132 691694.544159441 1.196590909090909
58888.398554215004 2458888.899507574 212.782665604027 22.39946640562266 0.0 2.0 1.0 7039020.837712754 691875.5165067966 1.196590909090909
58888.39985051 2458888.900803895 214.64933040202595 24.266131203621626 0.0 2.0 0.0 7039506.911414981 691875.4068278276 1.196590909090909
58888.401146805 2458888.902100215 216.51599520002492 26.13279600162059 0.0 2.0 1.0 7039998.210337927 691964.7231196123 1.196590909090909
58888.402443105 2458888.9033965385 218.38266719598323 27.999467997578904 0.0 2.0 0.0 7038961.83708194 691822.7769285021 1.196590909090909
58888.403739400004 2458888.9046928557 220.24933200445957 29.866132806055248 0.0 2.0 1.0 7039524.730383195 691924.7388426154 1.196590909090909
58888.405035695 2458888.9059891705 222.11599680245854 31.732797604054213 0.0 2.0 0.0 7039177.003507916 691844.4666502017 1.196590909090909
58888.40633199 2458888.9072854845 223.9826616004575 33.59946240205318 0.0 2.0 1.0 7040442.016641366 692011.329973314 1.196590909090909
58888.407628285 2458888.9085817966 225.84932639845647 35.46612720005214 0.0 2.0 0.0 7038840.491400778 691812.4358374462 1.196590909090909
58888.408924585 2458888.9098781133 227.71599839441478 37.332799196010455 0.0 2.0 1.0 7041439.582950433 692105.7968381947 1.196590909090909
58888.41022088 2458888.9111744235 229.58266320289113 39.1994640044868 0.0 2.0 0.0 7039123.081510042 691837.6797073307 1.196590909090909
58888.411517175 2458888.912470733 231.4493280008901 41.066128802485764 0.0 2.0 1.0 7041550.918032087 692114.5457106176 1.196590909090909
58888.412813475 2458888.9137670468 233.3159999968484 42.93280079844408 0.0 2.0 0.0 7043918.586027438 692295.9822023805 1.196590909090909
58888.414109770005 2458888.9150633556 235.18266480532475 44.79946560692042 0.0 2.0 1.0 7045635.492416292 692508.2042372257 1.196590909090909
58888.415406065 2458888.9163596635 237.0493296033237 46.666130404919386 0.0 2.0 0.0 7044328.791094471 692341.0083447113 1.196590909090909
58888.41670236 2458888.9176559714 238.91599440132268 48.53279520291835 0.0 2.0 1.0 7044021.896870939 692351.5236965751 1.196590909090909
58888.450417545 2458888.951371881 287.46586079592817 1.8658656044863164 0.0 3.0 0.0 7030041.965660898 690990.9177803138 1.196590909090909
58888.451713845 2458888.952668221 289.33253280236386 3.7325376109220088 0.0 3.0 1.0 7037038.499417997 691691.7154105441 1.196590909090909
58888.45301014 2458888.9539645556 291.1991976003628 5.5992024089209735 0.0 3.0 0.0 7035963.77115026 691538.3418531651 1.196590909090909
58888.454306435 2458888.9552608896 293.0658623983618 7.465867206919938 0.0 3.0 1.0 7038687.445292346 691845.5858617661 1.196590909090909
58888.455602735 2458888.9565572278 294.9325343943201 9.332539202878252 0.0 3.0 0.0 7037902.117454033 691729.3377661713 1.196590909090909
58888.45689903 2458888.95785356 296.79919920279644 11.199204011354595 0.0 3.0 1.0 7041350.967319721 692102.0033902224 1.196590909090909
58888.458195325 2458888.959149891 298.6658640007954 13.06586880935356 0.0 3.0 0.0 7039539.792448234 691885.7742520593 1.196590909090909
58888.45949162 2458888.9604462204 300.5325287987944 14.932533607352525 0.0 3.0 1.0 7040754.068417904 692051.407427758 1.196590909090909
58888.460787915 2458888.9617425487 302.39919359679334 16.79919840535149 0.0 3.0 0.0 7040450.595327403 691970.9148364764 1.196590909090909
58888.462084215 2458888.9630388804 304.26586560322903 18.665870411787182 0.0 3.0 1.0 7041438.122909867 692109.9733159295 1.196590909090909
58888.46338051 2458888.964335205 306.132530401228 20.532535209786147 0.0 3.0 0.0 7041255.583693823 692044.6558267935 1.196590909090909
58888.464676805 2458888.9656315283 307.99919519922696 22.39920000778511 0.0 3.0 1.0 7042167.997350646 692178.6752492867 1.196590909090909
58888.465973105 2458888.9669278553 309.8658671951853 24.265872003743425 0.0 3.0 0.0 7042081.04665408 692126.497009951 1.196590909090909
58888.467269400004 2458888.9682241757 311.7325320036616 26.13253681221977 0.0 3.0 1.0 7041531.566082855 692095.4758587392 1.196590909090909
58888.46856588 2458888.9695206787 313.59946319949813 27.999468008056283 0.0 3.0 0.0 7040501.030290219 691973.3019373284 1.196590909090909
58888.46986199 2458888.9708168106 315.46586159965955 29.8658664082177 0.0 3.0 1.0 7041651.17703515 692124.1323741302 1.196590909090909
58888.471158285 2458888.972113126 317.3325263976585 31.732531206216663 0.0 3.0 0.0 7039713.230161128 691895.134892088 1.196590909090909
58888.472454585004 2458888.973409445 319.1991984040942 33.599203212652355 0.0 3.0 1.0 7042217.971692661 692185.8303305855 1.196590909090909
58888.47375088 2458888.974705757 321.06586320209317 35.46586801065132 0.0 3.0 0.0 7042269.930286138 692142.2682124339 1.196590909090909
58888.475047175 2458888.9760020687 322.93252800009213 37.332532808650285 0.0 3.0 1.0 7041592.900962115 692124.3011882197 1.196590909090909
58888.476343475 2458888.977298384 324.79919999605045 39.1992048046086 0.0 3.0 0.0 7039542.201939355 691876.0431281539 1.196590909090909
58888.477639770004 2458888.978594694 326.6658648045268 41.06586961308494 0.0 3.0 1.0 7042610.971099044 692213.6580267319 1.196590909090909
58888.478936065 2458888.9798910026 328.53252960252576 42.93253441108391 0.0 3.0 0.0 7041636.375823847 692079.1567083461 1.196590909090909
58888.48023236 2458888.981187311 330.3991944005247 44.79919920908287 0.0 3.0 1.0 7042777.238074878 692231.6833720542 1.196590909090909
58888.48152866 2458888.982483624 332.26586639648303 46.665871205041185 0.0 3.0 0.0 7040622.841114188 691981.8390998248 1.196590909090909
58888.482824955 2458888.9837799324 334.132531194482 48.53253600304015 0.0 3.0 1.0 7042972.46535938 692253.5904780186 1.196590909090909
58946.83767614 2458947.3393639354 1.8658656044863164 1.8658656044863164 1.0 4.0 0.0 6989051.83114677 687042.4858192074 1.196590909090909
58946.838972435 2458947.3406602414 3.7325304024852812 3.7325304024852812 1.0 4.0 1.0 7017955.718656322 689850.0253870884 1.196590909090909
58946.84026873 2458947.3419565475 5.599195200484246 5.599195200484246 1.0 4.0 0.0 7022944.797152885 690301.6742674654 1.196590909090909
58946.84156503 2458947.3432528577 7.465867206919938 7.465867206919938 1.0 4.0 1.0 7037801.776329311 691758.4808435326 1.196590909090909
58946.842861325 2458947.3445491623 9.332532004918903 9.332532004918903 1.0 4.0 0.0 7037398.990149969 691696.6957495651 1.196590909090909
58946.84415762 2458947.3458454665 11.199196802917868 11.199196802917868 1.0 4.0 1.0 7046439.08103076 692584.6855395655 1.196590909090909
58946.84545392 2458947.3471417744 13.06586880935356 13.06586880935356 1.0 4.0 0.0 7046133.194626832 692530.333492377 1.196590909090909
58946.846750215 2458947.348438077 14.932533607352525 14.932533607352525 1.0 4.0 1.0 7053521.780933525 693269.3613102892 1.196590909090909
58946.84804651 2458947.3497343785 16.79919840535149 16.79919840535149 1.0 4.0 0.0 7051050.678545332 693005.9442378577 1.196590909090909
58946.849342805 2458947.3510306785 18.665863203350455 18.665863203350455 1.0 4.0 1.0 7055112.433785373 693421.9859371317 1.196590909090909
58946.8506391 2458947.3523269785 20.53252800134942 20.53252800134942 1.0 4.0 0.0 7054273.455507994 693313.6242089791 1.196590909090909
58946.8519354 2458947.3536232817 22.39920000778511 22.39920000778511 1.0 4.0 1.0 7060324.962320964 693919.9803348834 1.196590909090909
