run/run_2021-08-21_02-00-29_L-98-59_Hubble15856_spec/extracted_sp/bins12_2021-08-24_19-02-57/speclc1.483.txt
# %ECSV 0.9
# ---
# datatype:
# - {name: t_mjd, datatype: float64}
# - {name: t_bjd, datatype: float64}
# - {name: t_visit, datatype: float64}
# - {name: t_orbit, datatype: float64}
# - {name: ivisit, datatype: float64}
# - {name: iorbit, datatype: float64}
# - {name: scan, datatype: float64}
# - {name: spec_opt, datatype: float64}
# - {name: var_opt, datatype: float64}
# - {name: wave, datatype: float64}
# schema: astropy-2.0
t_mjd t_bjd t_visit t_orbit ivisit iorbit scan spec_opt var_opt wave
[from data line 116]
58946.853231695 2458947.354919579 24.265864805784076 24.265864805784076 1.0 4.0 0.0 7491816.4702842925 734234.0405643225 1.4829545454545454
58946.85452799 2458947.356215875 26.13252960378304 26.13252960378304 1.0 4.0 1.0 7491781.005273919 734264.1887575911 1.4829545454545454
58946.85582429 2458947.3575121756 27.999201610218734 27.999201610218734 1.0 4.0 0.0 7494493.880623087 734494.3264167928 1.4829545454545454
58946.857120585 2458947.35880847 29.8658664082177 29.8658664082177 1.0 4.0 1.0 7492712.428002586 734348.2527966184 1.4829545454545454
58946.85841688 2458947.3601047634 31.732531206216663 31.732531206216663 1.0 4.0 0.0 7497224.958412883 734755.9338084866 1.4829545454545454
58946.859713175 2458947.361401056 33.59919600421563 33.59919600421563 1.0 4.0 1.0 7493913.697896113 734476.3862698204 1.4829545454545454
58946.861009475004 2458947.3626973527 35.46586801065132 35.46586801065132 1.0 4.0 0.0 7496253.305843363 734664.198436097 1.4829545454545454
58946.86230577 2458947.3639936442 37.332532808650285 37.332532808650285 1.0 4.0 1.0 7495060.470106886 734586.0125555266 1.4829545454545454
58946.863602065 2458947.3652899344 39.19919760664925 39.19919760664925 1.0 4.0 0.0 7497663.269468512 734798.4445650175 1.4829545454545454
58946.86489836 2458947.3665862246 41.065862404648215 41.065862404648215 1.0 4.0 1.0 7493985.382462031 734477.5637757019 1.4829545454545454
58946.866194660004 2458947.3678825195 42.93253441108391 42.93253441108391 1.0 4.0 0.0 7496393.815342659 734674.0287639609 1.4829545454545454
58946.867490955 2458947.3691788097 44.79919920908287 44.79919920908287 1.0 4.0 1.0 7494916.812128442 734562.9251394143 1.4829545454545454
58946.86878725 2458947.370475099 46.66586400708184 46.66586400708184 1.0 4.0 0.0 7499539.360417082 734975.3964921298 1.4829545454545454
58946.870083545 2458947.3717713887 48.5325288050808 48.5325288050808 1.0 4.0 1.0 7494714.2894915575 734541.694671416 1.4829545454545454
58946.900754845 2458947.4024427715 92.69920080900192 1.8658656044863164 1.0 5.0 0.0 7487447.81918202 733823.1263012261 1.4829545454545454
58946.90205114 2458947.4037390784 94.56586560700089 3.7325304024852812 1.0 5.0 1.0 7488666.484251147 733975.0956362818 1.4829545454545454
58946.903347435 2458947.4050353845 96.43253040499985 5.599195200484246 1.0 5.0 0.0 7493221.562725935 734380.4068014448 1.4829545454545454
58946.904643735004 2458947.4063316956 98.29920241143554 7.465867206919938 1.0 5.0 1.0 7490944.402274963 734198.1752156168 1.4829545454545454
58946.90594003 2458947.4076280016 100.16586720943451 9.332532004918903 1.0 5.0 0.0 7494594.585759187 734509.3605892468 1.4829545454545454
58946.907236325 2458947.408924307 102.03253200743347 11.199196802917868 1.0 5.0 1.0 7493081.937144617 734396.2281464523 1.4829545454545454
58946.90853262 2458947.410220612 103.89919680543244 13.065861600916833 1.0 5.0 0.0 7497711.14736731 734807.8721249312 1.4829545454545454
58946.909828915 2458947.411516916 105.7658616034314 14.932526398915797 1.0 5.0 1.0 7494303.966726516 734513.7225684093 1.4829545454545454
58946.911125215 2458947.4128132244 107.6325336098671 16.79919840535149 1.0 5.0 0.0 7497360.552848407 734775.4005541025 1.4829545454545454
58946.91242151 2458947.414109527 109.49919840786606 18.665863203350455 1.0 5.0 1.0 7495265.647815898 734606.8994002112 1.4829545454545454
58946.913717805 2458947.415405829 111.36586320586503 20.53252800134942 1.0 5.0 0.0 7498365.298555752 734870.3890195416 1.4829545454545454
58946.915014105 2458947.4167021345 113.23253520182334 22.399199997307733 1.0 5.0 1.0 7496619.208073079 734739.5167057886 1.4829545454545454
58946.9163104 2458947.417998434 115.09920001029968 24.265864805784076 1.0 5.0 0.0 7499620.564107232 734989.367990508 1.4829545454545454
58946.917606695 2458947.419294733 116.96586480829865 26.13252960378304 1.0 5.0 1.0 7496503.130191408 734718.4629589991 1.4829545454545454
58946.91890299 2458947.4205910307 118.83252960629761 27.999194401782006 1.0 5.0 0.0 7499615.324841266 734980.0360559942 1.4829545454545454
58946.920199285 2458947.421887327 120.69919440429658 29.86585919978097 1.0 5.0 1.0 7495488.667778249 734623.2317059088 1.4829545454545454
58946.921495585004 2458947.4231836274 122.56586641073227 31.732531206216663 1.0 5.0 0.0 7498768.401408648 734902.6992401058 1.4829545454545454
58946.92279188 2458947.4244799227 124.43253120873123 33.59919600421563 1.0 5.0 1.0 7497889.1111818515 734851.4778859549 1.4829545454545454
58946.924088175 2458947.425776216 126.2991960067302 35.46586080221459 1.0 5.0 0.0 7499822.62775322 735006.0269143442 1.4829545454545454
58946.925384475 2458947.427072514 128.1658680026885 37.332532798172906 1.0 5.0 1.0 7497891.515653688 734852.8428058866 1.4829545454545454
58946.926680770004 2458947.428368806 130.03253281116486 39.19919760664925 1.0 5.0 0.0 7499381.505529502 734962.4466352181 1.4829545454545454
58946.927977065 2458947.4296650975 131.89919760916382 41.065862404648215 1.0 5.0 1.0 7495414.378034178 734615.0933485865 1.4829545454545454
58946.92927336 2458947.4309613886 133.76586240716279 42.93252720264718 1.0 5.0 0.0 7498189.824528998 734849.9453418427 1.4829545454545454
58946.930569660006 2458947.432257684 135.63253441359848 44.79919920908287 1.0 5.0 1.0 7494300.698670547 734513.5881571269 1.4829545454545454
58946.931865955004 2458947.4335539737 137.49919921159744 46.66586400708184 1.0 5.0 0.0 7499357.7781736795 734966.2684449396 1.4829545454545454
58946.93316225 2458947.434850264 139.3658640095964 48.5325288050808 1.0 5.0 1.0 7496716.680961818 734742.596516385 1.4829545454545454
58946.966831325 2458947.4685194087 187.84933200571686 1.865872791968286 1.0 6.0 0.0 7481800.1706701955 733283.5012951525 1.4829545454545454
58946.96812762 2458947.4698157148 189.71599680371583 3.732537589967251 1.0 6.0 1.0 7482036.033093344 733339.0566008034 1.4829545454545454
58946.96942392 2458947.471112026 191.58266881015152 5.599209596402943 1.0 6.0 0.0 7486488.302149744 733734.018297282 1.4829545454545454
58946.970720215 2458947.472408332 193.44933360815048 7.465874394401908 1.0 6.0 1.0 7484235.843685215 733552.508293714 1.4829545454545454
58946.97201651 2458947.473704638 195.31599840614945 9.332539192400873 1.0 6.0 0.0 7488996.179271871 733974.6671783343 1.4829545454545454
58946.973312805 2458947.475000943 197.1826632041484 11.199203990399837 1.0 6.0 1.0 7486675.459408101 733782.1957803944 1.4829545454545454
58946.9746091 2458947.4762972477 199.04932800214738 13.065868788398802 1.0 6.0 0.0 7490035.374344801 734070.3784764404 1.4829545454545454
58946.9759054 2458947.477593557 200.91600000858307 14.932540794834495 1.0 6.0 1.0 7487522.056853105 733861.7786036031 1.4829545454545454
58946.977201695 2458947.4788898607 202.78266480658203 16.79920559283346 1.0 6.0 0.0 7492028.509931739 734262.445887304 1.4829545454545454
58946.97849799 2458947.480186163 204.649329604581 18.665870390832424 1.0 6.0 1.0 7487479.371504874 733853.9203443737 1.4829545454545454
58946.979794290004 2458947.4814824695 206.5160016110167 20.532542397268116 1.0 6.0 0.0 7492058.508007044 734262.9498838229 1.4829545454545454
58946.981090585 2458947.48277877 208.38266640901566 22.39920719526708 1.0 6.0 1.0 7489110.256993402 734017.4273383615 1.4829545454545454
58946.98238688 2458947.48407507 210.24933120701462 24.265871993266046 1.0 6.0 0.0 7492136.174682396 734269.6088099603 1.4829545454545454
58946.983683175 2458947.4853713685 212.11599600501359 26.13253679126501 1.0 6.0 1.0 7487798.70164896 733861.5312407856 1.4829545454545454
58946.984979475004 2458947.4866676712 213.98266801144928 27.999208797700703 1.0 6.0 0.0 7491990.950856699 734251.4124118044 1.4829545454545454
58946.98627577 2458947.4879639675 215.84933280944824 29.865873595699668 1.0 6.0 1.0 7488476.590122372 733948.8313045974 1.4829545454545454
58946.987572065 2458947.4892602633 217.7159976074472 31.732538393698633 1.0 6.0 0.0 7493822.448211813 734427.0917108986 1.4829545454545454
58946.98886836 2458947.490556558 219.58266240544617 33.5992031916976 1.0 6.0 1.0 7489525.995251113 734050.8445307486 1.4829545454545454
58946.990164660005 2458947.4918528567 221.44933441188186 35.46587519813329 1.0 6.0 0.0 7494236.143657013 734468.049108407 1.4829545454545454
58946.991460955 2458947.4931491497 223.31599920988083 37.332539996132255 1.0 6.0 1.0 7492301.416611672 734314.2905029207 1.4829545454545454
58946.99275725 2458947.4944454418 225.1826640078798 39.19920479413122 1.0 6.0 0.0 7497771.247810316 734806.5265495232 1.4829545454545454
58946.994053545 2458947.4957417333 227.04932880587876 41.065869592130184 1.0 6.0 1.0 7493697.383679768 734453.6433988359 1.4829545454545454
58946.995349845005 2458947.497038029 228.91600081231445 42.93254159856588 1.0 6.0 0.0 7496674.633220479 734705.2976029603 1.4829545454545454
58946.99664614 2458947.4983343193 230.78266561031342 44.79920639656484 1.0 6.0 1.0 7492686.177422963 734357.8297738986 1.4829545454545454
58946.997942435 2458947.49963061 232.64933040831238 46.665871194563806 1.0 6.0 0.0 7497015.294842147 734736.8596140096 1.4829545454545454
58946.99923873 2458947.5009268997 234.51599520631135 48.53253599256277 1.0 6.0 1.0 7493900.729693113 734471.3485802714 1.4829545454545454
58947.03290762 2458947.5345958583 282.99919680459425 1.8658656044863164 1.0 7.0 0.0 7481251.968509518 733233.0884342819 1.4829545454545454
58947.034203920004 2458947.5358921695 284.86586881102994 3.7325376109220088 1.0 7.0 1.0 7485251.995653049 733650.1198409324 1.4829545454545454
58947.035500215 2458947.5371884755 286.7325336090289 5.5992024089209735 1.0 7.0 0.0 7488342.375976874 733914.757774912 1.4829545454545454
58947.03679651 2458947.538484782 288.59919840702787 7.465867206919938 1.0 7.0 1.0 7485407.9229040565 733663.1449708652 1.4829545454545454
58947.038092805 2458947.5397810875 290.46586320502684 9.332532004918903 1.0 7.0 0.0 7488820.959767199 733955.5461714393 1.4829545454545454
58947.0393891 2458947.5410773926 292.3325280030258 11.199196802917868 1.0 7.0 1.0 7486576.653454233 733774.9497617193 1.4829545454545454
58947.0406854 2458947.542373702 294.1992000094615 13.06586880935356 1.0 7.0 0.0 7493937.956978546 734446.856418663 1.4829545454545454
58947.041981695 2458947.5436700066 296.06586480746046 14.932533607352525 1.0 7.0 1.0 7489404.782269866 734046.906194393 1.4829545454545454
58947.04327799 2458947.5449663093 297.9325296054594 16.79919840535149 1.0 7.0 0.0 7491867.641543783 734248.3779432875 1.4829545454545454
58947.044574290005 2458947.5462626168 299.7992016118951 18.665870411787182 1.0 7.0 1.0 7491638.214687101 734263.9366619864 1.4829545454545454
58947.045870585 2458947.5475589186 301.6658664098941 20.532535209786147 1.0 7.0 0.0 7493200.197142962 734375.4908610799 1.4829545454545454
58947.04716688 2458947.5488552195 303.53253120789304 22.39920000778511 1.0 7.0 1.0 7489785.444423979 734080.7067700743 1.4829545454545454
58947.048463175 2458947.550151519 305.399196005892 24.265864805784076 1.0 7.0 0.0 7492139.111494905 734270.8216454934 1.4829545454545454
58947.049759475005 2458947.5514478222 307.2658680123277 26.13253681221977 1.0 7.0 1.0 7490301.230159674 734131.400290701 1.4829545454545454
58947.05105577 2458947.55274412 309.13253281032667 27.999201610218734 1.0 7.0 0.0 7493437.564284082 734401.0336455513 1.4829545454545454
58947.052352065 2458947.5540404166 310.99919760832563 29.8658664082177 1.0 7.0 1.0 7489337.610180807 734035.5965523769 1.4829545454545454
58947.05364836 2458947.5553367124 312.8658624063246 31.732531206216663 1.0 7.0 0.0 7494877.561283944 734530.4288731015 1.4829545454545454
58947.054944660005 2458947.556633012 314.7325344127603 33.599203212652355 1.0 7.0 1.0 7491027.40145216 734193.7758233503 1.4829545454545454
58947.056240955004 2458947.5579293054 316.59919921075925 35.46586801065132 1.0 7.0 0.0 7493210.071128664 734370.6030732307 1.4829545454545454
58947.05753725 2458947.559225599 318.4658640087582 37.332532808650285 1.0 7.0 1.0 7492177.996205376 734302.2303911725 1.4829545454545454
58947.058833545 2458947.560521891 320.3325288067572 39.19919760664925 1.0 7.0 0.0 7494973.062379702 734543.1503665654 1.4829545454545454
58947.060129845006 2458947.5618181876 322.1992008131929 41.06586961308494 1.0 7.0 1.0 7491841.458813645 734273.4578494997 1.4829545454545454
58947.061426140004 2458947.5631144783 324.06586561119184 42.93253441108391 1.0 7.0 0.0 7493901.434843206 734439.8475520435 1.4829545454545454
58947.062722435 2458947.564410769 325.9325304091908 44.79919920908287 1.0 7.0 1.0 7491152.4522725055 734209.0942772179 1.4829545454545454
58947.06401873 2458947.565707059 327.79919520718977 46.66586400708184 1.0 7.0 0.0 7493907.85078695 734438.2231266014 1.4829545454545454
58947.065315030006 2458947.567003354 329.66586721362546 48.53253601351753 1.0 7.0 1.0 7491776.549913321 734269.9878727894 1.4829545454545454
59120.318630155 2459120.8177504004 1.8658656044863164 1.8658656044863164 2.0 8.0 0.0 7437654.566185223 729056.1426836296 1.4829545454545454
59120.319926455 2459120.819046701 3.73253760044463 3.73253760044463 2.0 8.0 1.0 7454545.388961316 730706.356066543 1.4829545454545454
59120.321222750004 2459120.8203429957 5.5992024089209735 5.5992024089209735 2.0 8.0 0.0 7461536.433520228 731343.9794388216 1.4829545454545454
59120.322519045 2459120.82163929 7.465867206919938 7.465867206919938 2.0 8.0 1.0 7468468.900003291 732040.184100246 1.4829545454545454
59120.32381534 2459120.822935584 9.332532004918903 9.332532004918903 2.0 8.0 0.0 7475626.744746029 732694.3175984148 1.4829545454545454
59120.32511164 2459120.824231882 11.199204000877216 11.199204000877216 2.0 8.0 1.0 7480377.608079039 733179.1426068649 1.4829545454545454
59120.326407935 2459120.8255281746 13.065868798876181 13.065868798876181 2.0 8.0 0.0 7482645.154476868 733368.1238530406 1.4829545454545454
59120.32770423 2459120.8268244658 14.932533607352525 14.932533607352525 2.0 8.0 1.0 7484985.792934482 733620.3992349813 1.4829545454545454
59120.329000525 2459120.8281207564 16.79919840535149 16.79919840535149 2.0 8.0 0.0 7488850.7709576385 733964.0056083096 1.4829545454545454
59120.330296825 2459120.829417051 18.665870401309803 18.665870401309803 2.0 8.0 1.0 7488192.820925094 733933.0031825927 1.4829545454545454
59120.331593120005 2459120.830713339 20.532535209786147 20.532535209786147 2.0 8.0 0.0 7492764.883284919 734342.3139931903 1.4829545454545454
59120.332889415 2459120.832009626 22.39920000778511 22.39920000778511 2.0 8.0 1.0 7492467.396496098 734342.3296921204 1.4829545454545454
59120.334185715 2459120.833305917 24.265872003743425 24.265872003743425 2.0 8.0 0.0 7494429.927544964 734501.927507569 1.4829545454545454
59120.33548201 2459120.8346022028 26.13253680174239 26.13253680174239 2.0 8.0 1.0 7493419.051438812 734435.4694205439 1.4829545454545454
59120.336778305 2459120.8358984864 27.999201599741355 27.999201599741355 2.0 8.0 0.0 7496125.656663371 734662.2120186611 1.4829545454545454
59120.338074600004 2459120.837194769 29.8658664082177 29.8658664082177 2.0 8.0 1.0 7494561.43782158 734547.0744765498 1.4829545454545454
59120.339370895 2459120.838491051 31.732531206216663 31.732531206216663 2.0 8.0 0.0 7497732.090119912 734818.8423856957 1.4829545454545454
59120.340667195 2459120.839787337 33.59920320217498 33.59920320217498 2.0 8.0 1.0 7495076.548897326 734596.3765112425 1.4829545454545454
59120.341963490006 2459120.841083617 35.46586801065132 35.46586801065132 2.0 8.0 0.0 7498489.129268564 734891.5188835199 1.4829545454545454
59120.343259785004 2459120.842379896 37.332532808650285 37.332532808650285 2.0 8.0 1.0 7495983.360335924 734682.7131339008 1.4829545454545454
59120.344556085 2459120.8436761796 39.1992048046086 39.1992048046086 2.0 8.0 0.0 7500076.766054312 735040.9376637102 1.4829545454545454
59120.34585238 2459120.844972458 41.06586960260756 41.06586960260756 2.0 8.0 1.0 7496865.397428653 734760.1011467503 1.4829545454545454
59120.347148675 2459120.846268736 42.93253440060653 42.93253440060653 2.0 8.0 0.0 7499646.856184818 734998.2408183842 1.4829545454545454
