run/run_2021-08-21_02-00-29_L-98-59_Hubble15856_spec/extracted_sp/bins12_2021-08-24_19-02-57/speclc1.340.txt
# %ECSV 0.9
# ---
# datatype:
# - {name: t_mjd, datatype: float64}
# - {name: t_bjd, datatype: float64}
# - {name: t_visit, datatype: float64}
# - {name: t_orbit, datatype: float64}
# - {name: ivisit, datatype: float64}
# - {name: iorbit, datatype: float64}
# - {name: scan, datatype: float64}
# - {name: spec_opt, datatype: float64}
# - {name: var_opt, datatype: float64}
# - {name: wave, datatype: float64}
# schema: astropy-2.0
t_mjd t_bjd t_visit t_orbit ivisit iorbit scan spec_opt var_opt wave
58888.252084215 2458888.753034453 1.8658655940089375 1.8658655940089375 0.0 0.0 0.0 7833645.825738668 766986.2158913631 1.3397727272727271
58888.253380509996 2458888.7543307883 3.7325303920079023 3.7325303920079023 0.0 0.0 1.0 7880746.01059774 771522.2433060746 1.3397727272727271
58888.25467699 2458888.755627308 5.5994615983217955 5.5994615983217955 0.0 0.0 0.0 7891967.863245127 772585.5326884657 1.3397727272727271
58888.255973105 2458888.756923462 7.465867196442559 7.465867196442559 0.0 0.0 1.0 7912688.084570033 774617.0319184674 1.3397727272727271
58888.2572694 2458888.7582197953 9.332531994441524 9.332531994441524 0.0 0.0 0.0 7914577.109784933 774754.1624088105 1.3397727272727271
58888.258565694996 2458888.7595161274 11.199196792440489 11.199196792440489 0.0 0.0 1.0 7928540.34515802 776139.229337005 1.3397727272727271
58888.259861989995 2458888.7608124586 13.065861590439454 13.065861590439454 0.0 0.0 0.0 7929762.051739791 776211.3402216857 1.3397727272727271
58888.261158285 2458888.7621087884 14.932526398915797 14.932526398915797 0.0 0.0 1.0 7937943.634218163 777010.8048459276 1.3397727272727271
58888.262454585 2458888.763405122 16.79919839487411 16.79919839487411 0.0 0.0 0.0 7935311.853937157 776742.8082007639 1.3397727272727271
58888.263750879996 2458888.7647014484 18.665863192873076 18.665863192873076 0.0 0.0 1.0 7943207.849334742 777514.2171449641 1.3397727272727271
58888.265047175 2458888.765997773 20.53252800134942 20.53252800134942 0.0 0.0 0.0 7940671.751698546 777252.5518998208 1.3397727272727271
58888.266343475 2458888.7672941014 22.399199997307733 22.399199997307733 0.0 0.0 1.0 7948143.230919221 777987.0237025449 1.3397727272727271
58888.26763977 2458888.7685904233 24.265864795306697 24.265864795306697 0.0 0.0 0.0 7944760.747255869 777644.9548487813 1.3397727272727271
58888.268936065 2458888.7698867433 26.132529593305662 26.132529593305662 0.0 0.0 1.0 7951079.7630960625 778291.4848143017 1.3397727272727271
58888.270232359995 2458888.7711830614 27.999194391304627 27.999194391304627 0.0 0.0 0.0 7949254.378371662 778074.9864599463 1.3397727272727271
58888.27152866 2458888.772479383 29.86586639774032 29.86586639774032 0.0 0.0 1.0 7951865.505056795 778342.9218968281 1.3397727272727271
58888.272824955 2458888.773775698 31.732531195739284 31.732531195739284 0.0 0.0 0.0 7948856.527432636 778036.0474876587 1.3397727272727271
58888.274121434995 2458888.7750721965 33.5994623915758 33.5994623915758 0.0 0.0 1.0 7952992.187316581 778478.7661699941 1.3397727272727271
58888.275417545 2458888.776368324 35.46586080221459 35.46586080221459 0.0 0.0 0.0 7950926.2769967895 778234.0671011484 1.3397727272727271
58888.276713845 2458888.77766464 37.332532798172906 37.332532798172906 0.0 0.0 1.0 7954578.377924932 778601.0087036084 1.3397727272727271
58888.27801014 2458888.7789609507 39.19919759617187 39.19919759617187 0.0 0.0 0.0 7951005.717319817 778246.86592608 1.3397727272727271
58888.279306435 2458888.78025726 41.065862394170836 41.065862394170836 0.0 0.0 1.0 7954398.2302507525 778613.1865919309 1.3397727272727271
58888.280602735 2458888.7815535734 42.93253440060653 42.93253440060653 0.0 0.0 0.0 7953281.215800723 778460.8834261064 1.3397727272727271
58888.28189903 2458888.782849882 44.79919919860549 44.79919919860549 0.0 0.0 1.0 7955651.156015995 778704.0339426213 1.3397727272727271
58888.283195325 2458888.78414619 46.66586399660446 46.66586399660446 0.0 0.0 0.0 7954596.465586329 778590.0304185542 1.3397727272727271
58888.28449162 2458888.7854424976 48.53252879460342 48.53252879460342 0.0 0.0 1.0 7956538.199231265 778816.7919854885 1.3397727272727271
58888.318183845 2458888.8191354494 97.04933279310353 1.866132002323866 0.0 1.0 0.0 7937311.997870929 776934.9590442472 1.3397727272727271
58888.319480139995 2458888.8204317843 98.9159975911025 3.7327968003228307 0.0 1.0 1.0 7946877.961676853 777899.0726064626 1.3397727272727271
58888.320776435 2458888.821728119 100.78266239957884 5.599461608799174 0.0 1.0 0.0 7944018.811491212 777583.7012554752 1.3397727272727271
58888.322072735 2458888.8230244583 102.64933439553715 7.466133604757488 0.0 1.0 1.0 7950798.047503071 778272.1666484964 1.3397727272727271
58888.32336903 2458888.8243207913 104.51599919353612 9.332798402756453 0.0 1.0 0.0 7946146.609395357 777780.4340611193 1.3397727272727271
58888.324665325 2458888.825617124 106.38266400201246 11.199463211232796 0.0 1.0 1.0 7952399.153681731 778424.7651366306 1.3397727272727271
58888.32596162 2458888.826913455 108.24932880001143 13.066128009231761 0.0 1.0 0.0 7950005.629675248 778155.0084549933 1.3397727272727271
58888.32725773 2458888.8282095995 110.11572720017284 14.932526409393176 0.0 1.0 1.0 7951958.457631596 778381.7696189292 1.3397727272727271
58888.328554215 2458888.8295061174 111.9826655939687 16.79946480318904 0.0 1.0 0.0 7948283.392490735 777988.3403122757 1.3397727272727271
58888.329850509996 2458888.830802444 113.84933039196767 18.666129601188004 0.0 1.0 1.0 7952082.420972315 778393.1972424056 1.3397727272727271
58888.331146805 2458888.8320987695 115.71599520044401 20.532794409664348 0.0 1.0 0.0 7952123.991773472 778355.017114153 1.3397727272727271
58888.332443105 2458888.833395098 117.58266719640233 22.39946640562266 0.0 1.0 1.0 7953801.594866936 778531.2400320395 1.3397727272727271
58888.3337394 2458888.8346914193 119.44933199440129 24.266131203621626 0.0 1.0 0.0 7951504.78291064 778293.86076028 1.3397727272727271
58888.335035694996 2458888.8359877393 121.31599679240026 26.13279600162059 0.0 1.0 1.0 7955483.413134957 778715.760550899 1.3397727272727271
58888.336331989995 2458888.837284058 123.18266159039922 27.999460799619555 0.0 1.0 0.0 7950671.897822225 778208.6257527588 1.3397727272727271
58888.337628099995 2458888.8385801897 125.04905999056064 29.86585919978097 0.0 1.0 1.0 7953689.452448364 778519.4072166521 1.3397727272727271
58888.338924585 2458888.8398766946 126.91599839483388 31.732797604054213 0.0 1.0 0.0 7951906.877146587 778329.7611612156 1.3397727272727271
58888.340220879996 2458888.841173008 128.78266319283284 33.59946240205318 0.0 1.0 1.0 7954428.567695514 778616.8044778657 1.3397727272727271
58888.341517175 2458888.842469321 130.6493280013092 35.46612721052952 0.0 1.0 0.0 7950313.384668595 778175.8947292067 1.3397727272727271
58888.34281329 2458888.8437654525 132.51573359942995 37.332532808650285 0.0 1.0 1.0 7952907.032030826 778444.7934445968 1.3397727272727271
58888.34410977 2458888.845061947 134.38266479526646 39.1994640044868 0.0 1.0 0.0 7951331.109185609 778274.380422827 1.3397727272727271
58888.345406065 2458888.8463582564 136.24932959326543 41.066128802485764 0.0 1.0 1.0 7953550.725174588 778502.5225475116 1.3397727272727271
58888.346702359995 2458888.8476545657 138.1159943912644 42.93279360048473 0.0 1.0 0.0 7952302.668638835 778366.5670704785 1.3397727272727271
58888.34799866 2458888.8489508787 139.9826663977001 44.79946560692042 0.0 1.0 1.0 7953882.5472115865 778564.9436344912 1.3397727272727271
58888.349294955 2458888.8502471866 141.84933119569905 46.666130404919386 0.0 1.0 0.0 7950680.299961539 778212.6697775761 1.3397727272727271
58888.35059125 2458888.8515434945 143.71599599369802 48.53279520291835 0.0 1.0 1.0 7953678.206941111 778542.0664129467 1.3397727272727271
58888.384294955 2458888.8852479253 192.2493312007282 1.866132002323866 0.0 2.0 0.0 7930630.473562839 776290.7697269111 1.3397727272727271
58888.38559125 2458888.8865442607 194.11599599872716 3.7327968003228307 0.0 2.0 1.0 7939372.9288389 777177.6968629117 1.3397727272727271
58888.38688736 2458888.88784041 195.98239439888857 5.599195200484246 0.0 2.0 0.0 7937010.9772288855 776906.7910172831 1.3397727272727271
58888.388183845 2458888.8891369347 197.84933280316181 7.466133604757488 0.0 2.0 1.0 7944043.828880812 777625.7153045195 1.3397727272727271
58888.389479955 2458888.890433083 199.71573120332323 9.332532004918903 0.0 2.0 0.0 7939570.25236857 777150.4845078547 1.3397727272727271
58888.390776435 2458888.8917295993 201.58266239915974 11.199463200755417 0.0 2.0 1.0 7944655.555118167 777683.0132154779 1.3397727272727271
58888.392072735 2458888.8930259356 203.44933439511806 13.06613519671373 0.0 2.0 0.0 7941313.235051688 777314.2424720522 1.3397727272727271
58888.393369030004 2458888.8943222654 205.3159992035944 14.932800005190074 0.0 2.0 1.0 7945545.244190632 777768.1786810043 1.3397727272727271
58888.394665325 2458888.8956185933 207.18266400159337 16.79946480318904 0.0 2.0 0.0 7944049.2768304385 777581.941516604 1.3397727272727271
58888.39596162 2458888.89691492 209.04932879959233 18.666129601188004 0.0 2.0 1.0 7946551.290171194 777860.3588460861 1.3397727272727271
58888.397257915 2458888.898211245 210.9159935975913 20.53279439918697 0.0 2.0 0.0 7943313.993726995 777506.2692568309 1.3397727272727271
58888.398554215004 2458888.899507574 212.782665604027 22.39946640562266 0.0 2.0 1.0 7945316.769446192 777743.471449976 1.3397727272727271
58888.39985051 2458888.900803895 214.64933040202595 24.266131203621626 0.0 2.0 0.0 7943340.141677347 777507.1036760744 1.3397727272727271
58888.401146805 2458888.902100215 216.51599520002492 26.13279600162059 0.0 2.0 1.0 7945935.797200386 777800.3323749361 1.3397727272727271
58888.402443105 2458888.9033965385 218.38266719598323 27.999467997578904 0.0 2.0 0.0 7942714.052412711 777444.7227180668 1.3397727272727271
58888.403739400004 2458888.9046928557 220.24933200445957 29.866132806055248 0.0 2.0 1.0 7945504.250993974 777758.5100224009 1.3397727272727271
58888.405035695 2458888.9059891705 222.11599680245854 31.732797604054213 0.0 2.0 0.0 7943568.837740882 777527.1750521322 1.3397727272727271
58888.40633199 2458888.9072854845 223.9826616004575 33.59946240205318 0.0 2.0 1.0 7944937.566602987 777702.5043018913 1.3397727272727271
58888.407628285 2458888.9085817966 225.84932639845647 35.46612720005214 0.0 2.0 0.0 7942886.080315348 777464.7896219008 1.3397727272727271
58888.408924585 2458888.9098781133 227.71599839441478 37.332799196010455 0.0 2.0 1.0 7945679.237088404 777775.6200624773 1.3397727272727271
58888.41022088 2458888.9111744235 229.58266320289113 39.1994640044868 0.0 2.0 0.0 7943572.0829910245 777528.8082163146 1.3397727272727271
58888.411517175 2458888.912470733 231.4493280008901 41.066128802485764 0.0 2.0 1.0 7948101.7784488425 778006.7574008852 1.3397727272727271
58888.412813475 2458888.9137670468 233.3159999968484 42.93280079844408 0.0 2.0 0.0 7947372.5494116135 777890.8527582351 1.3397727272727271
58888.414109770005 2458888.9150633556 235.18266480532475 44.79946560692042 0.0 2.0 1.0 7951557.8094619885 778341.6289114478 1.3397727272727271
58888.415406065 2458888.9163596635 237.0493296033237 46.666130404919386 0.0 2.0 0.0 7948856.260777432 778035.7762036984 1.3397727272727271
58888.41670236 2458888.9176559714 238.91599440132268 48.53279520291835 0.0 2.0 1.0 7949217.760178309 778111.9773555791 1.3397727272727271
58888.450417545 2458888.951371881 287.46586079592817 1.8658656044863164 0.0 3.0 0.0 7934825.682796288 776715.7047972672 1.3397727272727271
58888.451713845 2458888.952668221 289.33253280236386 3.7325376109220088 0.0 3.0 1.0 7940672.407647895 777301.5429154473 1.3397727272727271
58888.45301014 2458888.9539645556 291.1991976003628 5.5992024089209735 0.0 3.0 0.0 7942080.0314342575 777386.7727946701 1.3397727272727271
58888.454306435 2458888.9552608896 293.0658623983618 7.465867206919938 0.0 3.0 1.0 7945127.385417069 777726.4399972872 1.3397727272727271
58888.455602735 2458888.9565572278 294.9325343943201 9.332539202878252 0.0 3.0 0.0 7944029.573692505 777579.9970643381 1.3397727272727271
58888.45689903 2458888.95785356 296.79919920279644 11.199204011354595 0.0 3.0 1.0 7945736.06465851 777785.9550211391 1.3397727272727271
58888.458195325 2458888.959149891 298.6658640007954 13.06586880935356 0.0 3.0 0.0 7945173.785082403 777685.0029586426 1.3397727272727271
58888.45949162 2458888.9604462204 300.5325287987944 14.932533607352525 0.0 3.0 1.0 7947079.138238009 777919.9453397217 1.3397727272727271
58888.460787915 2458888.9617425487 302.39919359679334 16.79919840535149 0.0 3.0 0.0 7945362.9750832515 777704.4163315883 1.3397727272727271
58888.462084215 2458888.9630388804 304.26586560322903 18.665870411787182 0.0 3.0 1.0 7949936.663250594 778186.3114020273 1.3397727272727271
58888.46338051 2458888.964335205 306.132530401228 20.532535209786147 0.0 3.0 0.0 7945627.696319707 777726.7313935272 1.3397727272727271
58888.464676805 2458888.9656315283 307.99919519922696 22.39920000778511 0.0 3.0 1.0 7947768.942210386 777979.248959152 1.3397727272727271
58888.465973105 2458888.9669278553 309.8658671951853 24.265872003743425 0.0 3.0 0.0 7943681.836345793 777539.3663528014 1.3397727272727271
58888.467269400004 2458888.9682241757 311.7325320036616 26.13253681221977 0.0 3.0 1.0 7947881.577520333 777962.751970182 1.3397727272727271
58888.46856588 2458888.9695206787 313.59946319949813 27.999468008056283 0.0 3.0 0.0 7948646.125780498 778014.0111029412 1.3397727272727271
58888.46986199 2458888.9708168106 315.46586159965955 29.8658664082177 0.0 3.0 1.0 7948910.636033516 778084.9996588476 1.3397727272727271
58888.471158285 2458888.972113126 317.3325263976585 31.732531206216663 0.0 3.0 0.0 7947766.805589661 777929.4649567091 1.3397727272727271
58888.472454585004 2458888.973409445 319.1991984040942 33.599203212652355 0.0 3.0 1.0 7950198.53844635 778210.948479004 1.3397727272727271
58888.47375088 2458888.974705757 321.06586320209317 35.46586801065132 0.0 3.0 0.0 7946478.014748234 777805.2521002522 1.3397727272727271
58888.475047175 2458888.9760020687 322.93252800009213 37.332532808650285 0.0 3.0 1.0 7949355.995961183 778130.7281438312 1.3397727272727271
58888.476343475 2458888.977298384 324.79919999605045 39.1992048046086 0.0 3.0 0.0 7945419.935137436 777705.3108633554 1.3397727272727271
58888.477639770004 2458888.978594694 326.6658648045268 41.06586961308494 0.0 3.0 1.0 7947788.376955809 777979.7607459679 1.3397727272727271
58888.478936065 2458888.9798910026 328.53252960252576 42.93253441108391 0.0 3.0 0.0 7945910.530271394 777751.2927651504 1.3397727272727271
58888.48023236 2458888.981187311 330.3991944005247 44.79919920908287 0.0 3.0 1.0 7950424.785789834 778230.129680751 1.3397727272727271
58888.48152866 2458888.982483624 332.26586639648303 46.665871205041185 0.0 3.0 0.0 7946078.1953444155 777768.7542954069 1.3397727272727271
58888.482824955 2458888.9837799324 334.132531194482 48.53253600304015 0.0 3.0 1.0 7948806.23901295 778074.5921211551 1.3397727272727271
58946.83767614 2458947.3393639354 1.8658656044863164 1.8658656044863164 1.0 4.0 0.0 7888722.172109488 772281.2730613772 1.3397727272727271
58946.838972435 2458947.3406602414 3.7325304024852812 3.7325304024852812 1.0 4.0 1.0 7919419.450419891 775252.32262921 1.3397727272727271
58946.84026873 2458947.3419565475 5.599195200484246 5.599195200484246 1.0 4.0 0.0 7926425.700531731 775906.2070679351 1.3397727272727271
58946.84156503 2458947.3432528577 7.465867206919938 7.465867206919938 1.0 4.0 1.0 7940201.843189594 777245.8403159135 1.3397727272727271
58946.842861325 2458947.3445491623 9.332532004918903 9.332532004918903 1.0 4.0 0.0 7940731.792247831 777277.6384567375 1.3397727272727271
58946.84415762 2458947.3458454665 11.199196802917868 11.199196802917868 1.0 4.0 1.0 7951196.200439427 778300.0121080482 1.3397727272727271
58946.84545392 2458947.3471417744 13.06586880935356 13.06586880935356 1.0 4.0 0.0 7948482.360353011 778018.468455362 1.3397727272727271
58946.846750215 2458947.348438077 14.932533607352525 14.932533607352525 1.0 4.0 1.0 7958394.2703621555 778991.7393745442 1.3397727272727271
58946.84804651 2458947.3497343785 16.79919840535149 16.79919840535149 1.0 4.0 0.0 7953959.035036634 778540.6062553772 1.3397727272727271
58946.849342805 2458947.3510306785 18.665863203350455 18.665863203350455 1.0 4.0 1.0 7960920.927476193 779234.8756580943 1.3397727272727271
58946.8506391 2458947.3523269785 20.53252800134942 20.53252800134942 1.0 4.0 0.0 7956239.8097457765 778757.0232841339 1.3397727272727271
