run/run_2021-08-21_02-00-29_L-98-59_Hubble15856_spec/extracted_sp/bins12_2021-08-24_19-02-57/speclc1.578.txt
# %ECSV 0.9
# ---
# datatype:
# - {name: t_mjd, datatype: float64}
# - {name: t_bjd, datatype: float64}
# - {name: t_visit, datatype: float64}
# - {name: t_orbit, datatype: float64}
# - {name: ivisit, datatype: float64}
# - {name: iorbit, datatype: float64}
# - {name: scan, datatype: float64}
# - {name: spec_opt, datatype: float64}
# - {name: var_opt, datatype: float64}
# - {name: wave, datatype: float64}
# schema: astropy-2.0
t_mjd t_bjd t_visit t_orbit ivisit iorbit scan spec_opt var_opt wave
[from data line 116]
58946.853231695 2458947.354919579 24.265864805784076 24.265864805784076 1.0 4.0 0.0 7344160.645680726 720058.0412378231 1.5784090909090909
58946.85452799 2458947.356215875 26.13252960378304 26.13252960378304 1.0 4.0 1.0 7343962.828721694 720071.9259792046 1.5784090909090909
58946.85582429 2458947.3575121756 27.999201610218734 27.999201610218734 1.0 4.0 0.0 7348092.328341909 720436.1337042422 1.5784090909090909
58946.857120585 2458947.35880847 29.8658664082177 29.8658664082177 1.0 4.0 1.0 7345906.835002046 720262.3956273424 1.5784090909090909
58946.85841688 2458947.3601047634 31.732531206216663 31.732531206216663 1.0 4.0 0.0 7349038.953417842 720535.0637693156 1.5784090909090909
58946.859713175 2458947.361401056 33.59919600421563 33.59919600421563 1.0 4.0 1.0 7347727.879729523 720439.6368769412 1.5784090909090909
58946.861009475004 2458947.3626973527 35.46586801065132 35.46586801065132 1.0 4.0 0.0 7351567.056814639 720769.6874346739 1.5784090909090909
58946.86230577 2458947.3639936442 37.332532808650285 37.332532808650285 1.0 4.0 1.0 7347127.822691315 720382.8758001446 1.5784090909090909
58946.863602065 2458947.3652899344 39.19919760664925 39.19919760664925 1.0 4.0 0.0 7348244.884354079 720449.5891463814 1.5784090909090909
58946.86489836 2458947.3665862246 41.065862404648215 41.065862404648215 1.0 4.0 1.0 7346719.693336936 720341.0368255886 1.5784090909090909
58946.866194660004 2458947.3678825195 42.93253441108391 42.93253441108391 1.0 4.0 0.0 7350778.5526013775 720693.214098592 1.5784090909090909
58946.867490955 2458947.3691788097 44.79919920908287 44.79919920908287 1.0 4.0 1.0 7348602.133829873 720515.0223270986 1.5784090909090909
58946.86878725 2458947.370475099 46.66586400708184 46.66586400708184 1.0 4.0 0.0 7350274.024357154 720641.4818967239 1.5784090909090909
58946.870083545 2458947.3717713887 48.5325288050808 48.5325288050808 1.0 4.0 1.0 7348193.306239038 720472.2049646561 1.5784090909090909
58946.900754845 2458947.4024427715 92.69920080900192 1.8658656044863164 1.0 5.0 0.0 7340706.205265449 719729.5969463136 1.5784090909090909
58946.90205114 2458947.4037390784 94.56586560700089 3.7325304024852812 1.0 5.0 1.0 7342009.96730722 719895.0563612325 1.5784090909090909
58946.903347435 2458947.4050353845 96.43253040499985 5.599195200484246 1.0 5.0 0.0 7347188.34339284 720356.8607431678 1.5784090909090909
58946.904643735004 2458947.4063316956 98.29920241143554 7.465867206919938 1.0 5.0 1.0 7344696.526303519 720155.2711589457 1.5784090909090909
58946.90594003 2458947.4076280016 100.16586720943451 9.332532004918903 1.0 5.0 0.0 7349676.223455196 720590.3017226898 1.5784090909090909
58946.907236325 2458947.408924307 102.03253200743347 11.199196802917868 1.0 5.0 1.0 7346995.003811115 720365.9226488486 1.5784090909090909
58946.90853262 2458947.410220612 103.89919680543244 13.065861600916833 1.0 5.0 0.0 7347406.839686303 720374.3944386941 1.5784090909090909
58946.909828915 2458947.411516916 105.7658616034314 14.932526398915797 1.0 5.0 1.0 7348116.01045507 720482.6088935701 1.5784090909090909
58946.911125215 2458947.4128132244 107.6325336098671 16.79919840535149 1.0 5.0 0.0 7349759.760687448 720603.896592517 1.5784090909090909
58946.91242151 2458947.414109527 109.49919840786606 18.665863203350455 1.0 5.0 1.0 7348115.714926074 720481.4660547533 1.5784090909090909
58946.913717805 2458947.415405829 111.36586320586503 20.53252800134942 1.0 5.0 0.0 7349635.190984394 720588.3653617916 1.5784090909090909
58946.915014105 2458947.4167021345 113.23253520182334 22.399199997307733 1.0 5.0 1.0 7349653.688474978 720626.9438834639 1.5784090909090909
58946.9163104 2458947.417998434 115.09920001029968 24.265864805784076 1.0 5.0 0.0 7351297.797680981 720745.7686265403 1.5784090909090909
58946.917606695 2458947.419294733 116.96586480829865 26.13252960378304 1.0 5.0 1.0 7348132.796102996 720475.3187407278 1.5784090909090909
58946.91890299 2458947.4205910307 118.83252960629761 27.999194401782006 1.0 5.0 0.0 7351764.790568337 720787.3313754436 1.5784090909090909
58946.920199285 2458947.421887327 120.69919440429658 29.86585919978097 1.0 5.0 1.0 7348466.873799463 720507.6502469653 1.5784090909090909
58946.921495585004 2458947.4231836274 122.56586641073227 31.732531206216663 1.0 5.0 0.0 7352338.139129621 720845.104542149 1.5784090909090909
58946.92279188 2458947.4244799227 124.43253120873123 33.59919600421563 1.0 5.0 1.0 7348926.096033559 720552.6662756719 1.5784090909090909
58946.924088175 2458947.425776216 126.2991960067302 35.46586080221459 1.0 5.0 0.0 7351548.4458172275 720770.4561503899 1.5784090909090909
58946.925384475 2458947.427072514 128.1658680026885 37.332532798172906 1.0 5.0 1.0 7347419.871044873 720404.037860336 1.5784090909090909
58946.926680770004 2458947.428368806 130.03253281116486 39.19919760664925 1.0 5.0 0.0 7350490.507622989 720671.4624677666 1.5784090909090909
58946.927977065 2458947.4296650975 131.89919760916382 41.065862404648215 1.0 5.0 1.0 7350190.423969714 720674.2543282581 1.5784090909090909
58946.92927336 2458947.4309613886 133.76586240716279 42.93252720264718 1.0 5.0 0.0 7350130.9017197685 720633.9675380881 1.5784090909090909
58946.930569660006 2458947.432257684 135.63253441359848 44.79919920908287 1.0 5.0 1.0 7348344.063386749 720501.044494555 1.5784090909090909
58946.931865955004 2458947.4335539737 137.49919921159744 46.66586400708184 1.0 5.0 0.0 7349520.489434029 720579.3034331225 1.5784090909090909
58946.93316225 2458947.434850264 139.3658640095964 48.5325288050808 1.0 5.0 1.0 7348065.488963113 720469.9162741198 1.5784090909090909
58946.966831325 2458947.4685194087 187.84933200571686 1.865872791968286 1.0 6.0 0.0 7330713.943615796 718777.2380653655 1.5784090909090909
58946.96812762 2458947.4698157148 189.71599680371583 3.732537589967251 1.0 6.0 1.0 7333410.636402843 719066.3983387097 1.5784090909090909
58946.96942392 2458947.471112026 191.58266881015152 5.599209596402943 1.0 6.0 0.0 7339874.721314098 719660.184792212 1.5784090909090909
58946.970720215 2458947.472408332 193.44933360815048 7.465874394401908 1.0 6.0 1.0 7337743.934749052 719487.5271487978 1.5784090909090909
58946.97201651 2458947.473704638 195.31599840614945 9.332539192400873 1.0 6.0 0.0 7341641.853477095 719822.7977236966 1.5784090909090909
58946.973312805 2458947.475000943 197.1826632041484 11.199203990399837 1.0 6.0 1.0 7338313.713257093 719538.0249910012 1.5784090909090909
58946.9746091 2458947.4762972477 199.04932800214738 13.065868788398802 1.0 6.0 0.0 7344206.834291438 720071.0676924716 1.5784090909090909
58946.9759054 2458947.477593557 200.91600000858307 14.932540794834495 1.0 6.0 1.0 7339113.160721724 719611.8497019769 1.5784090909090909
58946.977201695 2458947.4788898607 202.78266480658203 16.79920559283346 1.0 6.0 0.0 7344168.485185539 720060.7694371273 1.5784090909090909
58946.97849799 2458947.480186163 204.649329604581 18.665870390832424 1.0 6.0 1.0 7341173.44183361 719808.946920857 1.5784090909090909
58946.979794290004 2458947.4814824695 206.5160016110167 20.532542397268116 1.0 6.0 0.0 7345734.271960909 720210.8081131355 1.5784090909090909
58946.981090585 2458947.48277877 208.38266640901566 22.39920719526708 1.0 6.0 1.0 7340822.118883946 719780.1706611888 1.5784090909090909
58946.98238688 2458947.48407507 210.24933120701462 24.265871993266046 1.0 6.0 0.0 7344658.98945838 720108.4337393043 1.5784090909090909
58946.983683175 2458947.4853713685 212.11599600501359 26.13253679126501 1.0 6.0 1.0 7341966.046190533 719860.88866447 1.5784090909090909
58946.984979475004 2458947.4866676712 213.98266801144928 27.999208797700703 1.0 6.0 0.0 7343048.315757486 719951.410330195 1.5784090909090909
58946.98627577 2458947.4879639675 215.84933280944824 29.865873595699668 1.0 6.0 1.0 7342584.72215902 719941.0702249063 1.5784090909090909
58946.987572065 2458947.4892602633 217.7159976074472 31.732538393698633 1.0 6.0 0.0 7345448.69353854 720180.1242292287 1.5784090909090909
58946.98886836 2458947.490556558 219.58266240544617 33.5992031916976 1.0 6.0 1.0 7341837.835908266 719871.6234023395 1.5784090909090909
58946.990164660005 2458947.4918528567 221.44933441188186 35.46587519813329 1.0 6.0 0.0 7344550.494762816 720094.2787544554 1.5784090909090909
58946.991460955 2458947.4931491497 223.31599920988083 37.332539996132255 1.0 6.0 1.0 7343297.495215391 720010.2778184117 1.5784090909090909
58946.99275725 2458947.4944454418 225.1826640078798 39.19920479413122 1.0 6.0 0.0 7349846.277881136 720605.2861562314 1.5784090909090909
58946.994053545 2458947.4957417333 227.04932880587876 41.065869592130184 1.0 6.0 1.0 7346691.982066598 720334.1471257966 1.5784090909090909
58946.995349845005 2458947.497038029 228.91600081231445 42.93254159856588 1.0 6.0 0.0 7350003.644529972 720621.7529651364 1.5784090909090909
58946.99664614 2458947.4983343193 230.78266561031342 44.79920639656484 1.0 6.0 1.0 7346613.556778954 720332.8141043717 1.5784090909090909
58946.997942435 2458947.49963061 232.64933040831238 46.665871194563806 1.0 6.0 0.0 7346191.945200163 720251.2138594062 1.5784090909090909
58946.99923873 2458947.5009268997 234.51599520631135 48.53253599256277 1.0 6.0 1.0 7346969.672792242 720367.4461356219 1.5784090909090909
58947.03290762 2458947.5345958583 282.99919680459425 1.8658656044863164 1.0 7.0 0.0 7334966.294903155 719184.1796258831 1.5784090909090909
58947.034203920004 2458947.5358921695 284.86586881102994 3.7325376109220088 1.0 7.0 1.0 7337593.482879829 719473.4784309663 1.5784090909090909
58947.035500215 2458947.5371884755 286.7325336090289 5.5992024089209735 1.0 7.0 0.0 7341149.582584855 719779.4643016328 1.5784090909090909
58947.03679651 2458947.538484782 288.59919840702787 7.465867206919938 1.0 7.0 1.0 7341128.208993363 719815.7650450189 1.5784090909090909
58947.038092805 2458947.5397810875 290.46586320502684 9.332532004918903 1.0 7.0 0.0 7343735.950896373 720024.0297868364 1.5784090909090909
58947.0393891 2458947.5410773926 292.3325280030258 11.199196802917868 1.0 7.0 1.0 7343086.105295898 719999.9617864932 1.5784090909090909
58947.0406854 2458947.542373702 294.1992000094615 13.06586880935356 1.0 7.0 0.0 7343077.737141414 719961.3201128216 1.5784090909090909
58947.041981695 2458947.5436700066 296.06586480746046 14.932533607352525 1.0 7.0 1.0 7343208.897425312 720009.3269566844 1.5784090909090909
58947.04327799 2458947.5449663093 297.9325296054594 16.79919840535149 1.0 7.0 0.0 7344961.297760618 720141.0016485836 1.5784090909090909
58947.044574290005 2458947.5462626168 299.7992016118951 18.665870411787182 1.0 7.0 1.0 7344039.981142776 720084.2129579158 1.5784090909090909
58947.045870585 2458947.5475589186 301.6658664098941 20.532535209786147 1.0 7.0 0.0 7345762.180801129 720219.953046369 1.5784090909090909
58947.04716688 2458947.5488552195 303.53253120789304 22.39920000778511 1.0 7.0 1.0 7345406.504533843 720216.283594462 1.5784090909090909
58947.048463175 2458947.550151519 305.399196005892 24.265864805784076 1.0 7.0 0.0 7346787.953129463 720314.6466377806 1.5784090909090909
58947.049759475005 2458947.5514478222 307.2658680123277 26.13253681221977 1.0 7.0 1.0 7343672.97873526 720052.7610350227 1.5784090909090909
58947.05105577 2458947.55274412 309.13253281032667 27.999201610218734 1.0 7.0 0.0 7347906.413107363 720420.728788259 1.5784090909090909
58947.052352065 2458947.5540404166 310.99919760832563 29.8658664082177 1.0 7.0 1.0 7343593.315439729 720044.3367275246 1.5784090909090909
58947.05364836 2458947.5553367124 312.8658624063246 31.732531206216663 1.0 7.0 0.0 7344971.641802055 720143.7544844529 1.5784090909090909
58947.054944660005 2458947.556633012 314.7325344127603 33.599203212652355 1.0 7.0 1.0 7344107.006398552 720087.2213978608 1.5784090909090909
58947.056240955004 2458947.5579293054 316.59919921075925 35.46586801065132 1.0 7.0 0.0 7348394.595837736 720460.8158772478 1.5784090909090909
58947.05753725 2458947.559225599 318.4658640087582 37.332532808650285 1.0 7.0 1.0 7343830.533331907 720062.4695260203 1.5784090909090909
58947.058833545 2458947.560521891 320.3325288067572 39.19919760664925 1.0 7.0 0.0 7346245.387641672 720262.398256102 1.5784090909090909
58947.060129845006 2458947.5618181876 322.1992008131929 41.06586961308494 1.0 7.0 1.0 7345602.237409509 720235.54397904 1.5784090909090909
58947.061426140004 2458947.5631144783 324.06586561119184 42.93253441108391 1.0 7.0 0.0 7346867.643177158 720322.6813976796 1.5784090909090909
58947.062722435 2458947.564410769 325.9325304091908 44.79919920908287 1.0 7.0 1.0 7343528.543547246 720034.9048104555 1.5784090909090909
58947.06401873 2458947.565707059 327.79919520718977 46.66586400708184 1.0 7.0 0.0 7346143.987211734 720251.8451322478 1.5784090909090909
58947.065315030006 2458947.567003354 329.66586721362546 48.53253601351753 1.0 7.0 1.0 7345480.138745241 720226.582260463 1.5784090909090909
59120.318630155 2459120.8177504004 1.8658656044863164 1.8658656044863164 2.0 8.0 0.0 7297200.160364577 715566.6264250919 1.5784090909090909
59120.319926455 2459120.819046701 3.73253760044463 3.73253760044463 2.0 8.0 1.0 7312935.4668792365 717109.2435836868 1.5784090909090909
59120.321222750004 2459120.8203429957 5.5992024089209735 5.5992024089209735 2.0 8.0 0.0 7321927.611874371 717940.1940354778 1.5784090909090909
59120.322519045 2459120.82163929 7.465867206919938 7.465867206919938 2.0 8.0 1.0 7327865.670839677 718536.3443767222 1.5784090909090909
59120.32381534 2459120.822935584 9.332532004918903 9.332532004918903 2.0 8.0 0.0 7331795.079591163 718885.602349769 1.5784090909090909
59120.32511164 2459120.824231882 11.199204000877216 11.199204000877216 2.0 8.0 1.0 7337612.5915483665 719471.7346035205 1.5784090909090909
59120.326407935 2459120.8255281746 13.065868798876181 13.065868798876181 2.0 8.0 0.0 7341880.476343854 719850.8336302045 1.5784090909090909
59120.32770423 2459120.8268244658 14.932533607352525 14.932533607352525 2.0 8.0 1.0 7342982.416854031 719989.1047303396 1.5784090909090909
59120.329000525 2459120.8281207564 16.79919840535149 16.79919840535149 2.0 8.0 0.0 7346473.134158467 720294.8582728152 1.5784090909090909
59120.330296825 2459120.829417051 18.665870401309803 18.665870401309803 2.0 8.0 1.0 7348320.873544447 720496.125571732 1.5784090909090909
59120.331593120005 2459120.830713339 20.532535209786147 20.532535209786147 2.0 8.0 0.0 7349765.585150353 720609.2647262884 1.5784090909090909
59120.332889415 2459120.832009626 22.39920000778511 22.39920000778511 2.0 8.0 1.0 7349574.693896749 720625.242190857 1.5784090909090909
59120.334185715 2459120.833305917 24.265872003743425 24.265872003743425 2.0 8.0 0.0 7352311.449552998 720858.3953296224 1.5784090909090909
59120.33548201 2459120.8346022028 26.13253680174239 26.13253680174239 2.0 8.0 1.0 7352563.027235142 720911.756696534 1.5784090909090909
59120.336778305 2459120.8358984864 27.999201599741355 27.999201599741355 2.0 8.0 0.0 7354842.32510077 721095.9381855344 1.5784090909090909
59120.338074600004 2459120.837194769 29.8658664082177 29.8658664082177 2.0 8.0 1.0 7353685.043667063 721015.8838635321 1.5784090909090909
59120.339370895 2459120.838491051 31.732531206216663 31.732531206216663 2.0 8.0 0.0 7356669.937724041 721277.3265508931 1.5784090909090909
59120.340667195 2459120.839787337 33.59920320217498 33.59920320217498 2.0 8.0 1.0 7355411.070595977 721184.3841400449 1.5784090909090909
59120.341963490006 2459120.841083617 35.46586801065132 35.46586801065132 2.0 8.0 0.0 7357046.00366082 721310.5846253412 1.5784090909090909
59120.343259785004 2459120.842379896 37.332532808650285 37.332532808650285 2.0 8.0 1.0 7354697.299915675 721116.3321209515 1.5784090909090909
59120.344556085 2459120.8436761796 39.1992048046086 39.1992048046086 2.0 8.0 0.0 7358466.917987219 721441.3611690742 1.5784090909090909
59120.34585238 2459120.844972458 41.06586960260756 41.06586960260756 2.0 8.0 1.0 7355019.202929282 721142.3510195031 1.5784090909090909
59120.347148675 2459120.846268736 42.93253440060653 42.93253440060653 2.0 8.0 0.0 7358340.482652285 721429.9013357743 1.5784090909090909
