run/run_2021-08-21_02-00-29_L-98-59_Hubble15856_spec/extracted_sp/bins12_2021-08-24_19-02-57/speclc1.435.txt
# %ECSV 0.9
# ---
# datatype:
# - {name: t_mjd, datatype: float64}
# - {name: t_bjd, datatype: float64}
# - {name: t_visit, datatype: float64}
# - {name: t_orbit, datatype: float64}
# - {name: ivisit, datatype: float64}
# - {name: iorbit, datatype: float64}
# - {name: scan, datatype: float64}
# - {name: spec_opt, datatype: float64}
# - {name: var_opt, datatype: float64}
# - {name: wave, datatype: float64}
# schema: astropy-2.0
t_mjd t_bjd t_visit t_orbit ivisit iorbit scan spec_opt var_opt wave
[from data line 232]
59120.349741265 2459120.8488612906 46.66586400708184 46.66586400708184 2.0 8.0 0.0 7649355.759390788 749355.9121319546 1.4352272727272728
59120.351037565 2459120.850157573 48.53253600304015 48.53253600304015 2.0 8.0 1.0 7654503.253228629 749875.251347284 1.4352272727272728
59120.382449785 2459120.8815695937 93.76613280270249 1.866132002323866 2.0 9.0 0.0 7635378.074895966 748027.6647356624 1.4352272727272728
59120.383746085 2459120.8828658946 95.6328047986608 3.7328039982821792 2.0 9.0 1.0 7643839.724017423 748862.6035505194 1.4352272727272728
59120.38504238 2459120.8841621904 97.49946960713714 5.599468806758523 2.0 9.0 0.0 7641781.711346664 748635.3631897805 1.4352272727272728
59120.38633849 2459120.8854583004 99.36586800729856 7.465867206919938 2.0 9.0 1.0 7646958.547326848 749156.9615419409 1.4352272727272728
59120.38763497 2459120.88675478 101.23279920313507 9.332798402756453 2.0 9.0 0.0 7645417.390956302 748987.1348203854 1.4352272727272728
59120.38893108 2459120.8880508896 103.09919760329649 11.199196802917868 2.0 9.0 1.0 7649836.418321045 749431.2654701273 1.4352272727272728
59120.390227565 2459120.8893473735 104.96613600756973 13.06613520719111 2.0 9.0 0.0 7645638.866608203 749000.7439698401 1.4352272727272728
59120.39152386 2459120.8906436665 106.8328008055687 14.932800005190074 2.0 9.0 1.0 7649330.543532397 749380.786470941 1.4352272727272728
59120.392820155 2459120.8919399586 108.69946560356766 16.79946480318904 2.0 9.0 0.0 7647340.045124713 749165.5110214181 1.4352272727272728
59120.39411627 2459120.89323607 110.56587120168842 18.665870401309803 2.0 9.0 1.0 7648262.505775369 749279.6065580269 1.4352272727272728
59120.395412750004 2459120.8945325455 112.43280240800232 20.532801607623696 2.0 9.0 0.0 7648129.897581007 749241.0372826682 1.4352272727272728
59120.396709045 2459120.8958288347 114.29946720600128 22.39946640562266 2.0 9.0 1.0 7651170.840689882 749556.9826030886 1.4352272727272728
59120.39800534 2459120.8971251226 116.16613200400025 24.266131203621626 2.0 9.0 0.0 7647946.141933671 749225.5925595823 1.4352272727272728
59120.399301640005 2459120.898421415 118.03280401043594 26.132803210057318 2.0 9.0 1.0 7650356.393529057 749473.8710484453 1.4352272727272728
59120.400597935004 2459120.8997177007 119.8994688084349 27.999468008056283 2.0 9.0 0.0 7648944.837424489 749316.3329079164 1.4352272727272728
59120.40189423 2459120.9010139853 121.76613360643387 29.866132806055248 2.0 9.0 1.0 7649714.716657098 749420.2985894248 1.4352272727272728
59120.403190525 2459120.902310269 123.63279840443283 31.732797604054213 2.0 9.0 0.0 7648373.3722997345 749261.7176599106 1.4352272727272728
59120.404486825 2459120.903606557 125.49947040039115 33.599469600012526 2.0 9.0 1.0 7651140.463285924 749558.8222998271 1.4352272727272728
59120.405783120004 2459120.9049028386 127.36613520886749 35.46613440848887 2.0 9.0 0.0 7647334.959675396 749165.8384265339 1.4352272727272728
59120.407079415 2459120.906199119 129.23280000686646 37.332799206487834 2.0 9.0 1.0 7652586.362299804 749697.008505757 1.4352272727272728
59120.408375715 2459120.9074954037 131.09947200282477 39.19947120244615 2.0 9.0 0.0 7647774.3008248005 749207.4501925685 1.4352272727272728
59120.40967201 2459120.908791683 132.96613680082373 41.06613600044511 2.0 9.0 1.0 7652480.7228230415 749682.9485549841 1.4352272727272728
59120.410968305 2459120.9100879612 134.8328015988227 42.93280079844408 2.0 9.0 0.0 7647659.492510528 749192.1094512587 1.4352272727272728
59120.4122646 2459120.9113842393 136.69946640729904 44.79946560692042 2.0 9.0 1.0 7650669.807853634 749504.9009420538 1.4352272727272728
59120.413560895 2459120.9126805165 138.566131205298 46.666130404919386 2.0 9.0 0.0 7648155.002755791 749237.2776942173 1.4352272727272728
59120.414857195 2459120.9139767997 140.43280320125632 48.5328024008777 2.0 9.0 1.0 7650683.350483341 749511.8090100477 1.4352272727272728
59120.44857238 2459120.947691755 188.9826696063392 1.865872802445665 2.0 10.0 0.0 7628863.23680295 747394.3273899785 1.4352272727272728
59120.449868675 2459120.9489880507 190.84933440433815 3.73253760044463 2.0 10.0 1.0 7636560.365623833 748165.2973695613 1.4352272727272728
59120.45116497 2459120.9502843465 192.71599920233712 5.599202398443595 2.0 10.0 0.0 7634139.837454311 747899.120841934 1.4352272727272728
59120.452461265 2459120.951580642 194.58266400033608 7.465867196442559 2.0 10.0 1.0 7640298.152191727 748520.3440523492 1.4352272727272728
59120.453757565 2459120.9528769418 196.44933600677177 9.332539202878252 2.0 10.0 0.0 7640062.873875984 748468.3897685183 1.4352272727272728
59120.45505386 2459120.954173236 198.31600080477074 11.199204000877216 2.0 10.0 1.0 7641705.0952495225 748650.7468715941 1.4352272727272728
59120.456350155 2459120.9554695305 200.1826656027697 13.065868798876181 2.0 10.0 0.0 7637671.533375785 748236.9516496097 1.4352272727272728
59120.457646455 2459120.9567658287 202.04933759872802 14.932540794834495 2.0 10.0 1.0 7641855.954887636 748663.4551280224 1.4352272727272728
59120.45894275 2459120.9580621207 203.91600240720436 16.79920560331084 2.0 10.0 0.0 7639194.601160596 748383.7987427226 1.4352272727272728
59120.460239045 2459120.959358412 205.78266720520332 18.665870401309803 2.0 10.0 1.0 7644053.143075047 748878.3070118522 1.4352272727272728
59120.46153534 2459120.9606547025 207.6493320032023 20.532535199308768 2.0 10.0 0.0 7640701.878330363 748526.2153650112 1.4352272727272728
59120.462831640005 2459120.961950997 209.51600400963798 22.39920720574446 2.0 10.0 1.0 7644112.359364059 748882.4517283071 1.4352272727272728
59120.464127935 2459120.9632472848 211.38266880763695 24.265872003743425 2.0 10.0 0.0 7641473.693043532 748601.2232003238 1.4352272727272728
59120.46542423 2459120.9645435717 213.2493336056359 26.13253680174239 2.0 10.0 1.0 7645581.118744018 749023.5295503684 1.4352272727272728
59120.466720525 2459120.965839858 215.11599840363488 27.999201599741355 2.0 10.0 0.0 7643468.769512762 748790.4822318418 1.4352272727272728
59120.468016825 2459120.967136148 216.9826703995932 29.865873595699668 2.0 10.0 1.0 7644316.33733221 748898.8467643583 1.4352272727272728
59120.469313120004 2459120.968432431 218.84933520806953 31.73253840417601 2.0 10.0 0.0 7640872.450502224 748546.195661721 1.4352272727272728
59120.470609415 2459120.969728714 220.7160000060685 33.59920320217498 2.0 10.0 1.0 7644592.80075545 748926.235199314 1.4352272727272728
59120.471905715 2459120.9710250003 222.5826720020268 35.46587519813329 2.0 10.0 0.0 7642959.1197158 748749.5903978259 1.4352272727272728
59120.473202010005 2459120.972321281 224.44933681050315 37.332540006609634 2.0 10.0 1.0 7644196.335392938 748889.8271728985 1.4352272727272728
59120.474498305004 2459120.9736175607 226.31600160850212 39.1992048046086 2.0 10.0 0.0 7642421.550178238 748693.6564018001 1.4352272727272728
59120.4757946 2459120.9749138397 228.18266640650108 41.06586960260756 2.0 10.0 1.0 7643532.205884607 748826.0821481744 1.4352272727272728
59120.477090895 2459120.9762101183 230.04933120450005 42.93253440060653 2.0 10.0 0.0 7640297.481875001 748487.2800855245 1.4352272727272728
59120.478387195 2459120.9775064015 231.91600320045836 44.79920639656484 2.0 10.0 1.0 7643769.700251141 748843.35588509 1.4352272727272728
59120.479683490004 2459120.9788026786 233.7826680089347 46.665871205041185 2.0 10.0 0.0 7640991.854474585 748549.8223197109 1.4352272727272728
59120.480979785 2459120.980098956 235.64933280693367 48.53253600304015 2.0 10.0 1.0 7645528.218468899 749011.6620377544 1.4352272727272728
59120.51469497 2459121.0138139124 284.19919920153916 1.865858396049589 2.0 11.0 0.0 7631631.225026128 747665.0158326343 1.4352272727272728
59120.515991265 2459121.015110208 286.0658639995381 3.7325231940485537 2.0 11.0 1.0 7638941.615681143 748390.7108816095 1.4352272727272728
59120.517287565 2459121.016406509 287.9325360059738 5.599195200484246 2.0 11.0 0.0 7638647.414702616 748333.9815929217 1.4352272727272728
59120.51858386 2459121.0177028044 289.7992008039728 7.465859998483211 2.0 11.0 1.0 7642989.986600212 748775.2285925803 1.4352272727272728
59120.519880155 2459121.0189991 291.66586560197175 9.332524796482176 2.0 11.0 0.0 7639468.220919698 748412.9152134182 1.4352272727272728
59120.521176455004 2459121.0202953997 293.53253760840744 11.199196802917868 2.0 11.0 1.0 7644891.814440874 748954.3544065969 1.4352272727272728
59120.52247275 2459121.0215916936 295.3992024064064 13.065861600916833 2.0 11.0 0.0 7640709.748500406 748524.5028292746 1.4352272727272728
59120.523769045 2459121.0228879866 297.26586720440537 14.932526398915797 2.0 11.0 1.0 7645961.555156507 749083.5581226544 1.4352272727272728
59120.52506534 2459121.024184279 299.13253200240433 16.799191196914762 2.0 11.0 0.0 7642054.519358482 748656.5682995911 1.4352272727272728
59120.526361640004 2459121.025480576 300.99920400884 18.665863203350455 2.0 11.0 1.0 7648012.0498880595 749280.2312774792 1.4352272727272728
59120.527657935 2459121.026776866 302.865868806839 20.53252800134942 2.0 11.0 0.0 7642386.792733194 748688.2083186081 1.4352272727272728
59120.52895423 2459121.0280731553 304.73253360483795 22.399192799348384 2.0 11.0 1.0 7647700.448729385 749226.6825216464 1.4352272727272728
59120.530250525 2459121.0293694437 306.5991984028369 24.26585759734735 2.0 11.0 0.0 7642615.091414577 748707.1615743428 1.4352272727272728
59120.531546825 2459121.0306657357 308.46587039879523 26.132529593305662 2.0 11.0 1.0 7647593.389346505 749220.8662404126 1.4352272727272728
59120.53284312 2459121.0319620213 310.3325352072716 27.999194401782006 2.0 11.0 0.0 7643493.8197022 748802.1234196683 1.4352272727272728
59120.534139415 2459121.033258306 312.19920000527054 29.86585919978097 2.0 11.0 1.0 7646458.366542615 749106.9667367447 1.4352272727272728
59120.535435715 2459121.034554595 314.06587200122885 31.732531195739284 2.0 11.0 0.0 7643449.452034885 748793.864568566 1.4352272727272728
59120.536732010005 2459121.0358508774 315.9325368097052 33.59919600421563 2.0 11.0 1.0 7647978.135466511 749252.2070793948 1.4352272727272728
59120.538028305 2459121.0371471588 317.79920160770416 35.46586080221459 2.0 11.0 0.0 7644490.193011432 748890.3997038078 1.4352272727272728
59120.5393246 2459121.038443439 319.6658664057031 37.33252560021356 2.0 11.0 1.0 7646266.935013912 749089.7928455949 1.4352272727272728
59120.540620895 2459121.0397397196 321.5325312037021 39.19919039821252 2.0 11.0 0.0 7643278.384365672 748776.0397226776 1.4352272727272728
59120.541917195 2459121.0410360033 323.3992031996604 41.065862394170836 2.0 11.0 1.0 7647539.4655898325 749212.7872808952 1.4352272727272728
59120.543213490004 2459121.042332282 325.26586800813675 42.93252720264718 2.0 11.0 0.0 7643268.496903437 748773.6972458045 1.4352272727272728
59120.544509785 2459121.0436285594 327.1325328061357 44.799192000646144 2.0 11.0 1.0 7646476.909095113 749101.6994201171 1.4352272727272728
59120.545806085 2459121.044924842 328.999204802094 46.66586399660446 2.0 11.0 0.0 7644261.017558432 748859.6034392997 1.4352272727272728
59120.547102380006 2459121.0462211194 330.86586961057037 48.5325288050808 2.0 11.0 1.0 7646672.9726208635 749120.4211732624 1.4352272727272728
59178.899314755 2459179.3987022704 1.8658655940089375 1.8658655940089375 3.0 12.0 0.0 7555945.193984848 740374.3986566475 1.4352272727272728
59178.900611054996 2459179.399998604 3.732537589967251 3.732537589967251 3.0 12.0 1.0 7586869.812546698 743390.8913523242 1.4352272727272728
59178.901907349995 2459179.401294932 5.599202387966216 5.599202387966216 3.0 12.0 0.0 7590407.534740884 743685.5339949115 1.4352272727272728
59178.903203645 2459179.4025912588 7.465867196442559 7.465867196442559 3.0 12.0 1.0 7604880.253730798 745120.379538612 1.4352272727272728
59178.90449994 2459179.4038875857 9.332531994441524 9.332531994441524 3.0 12.0 0.0 7606265.541786012 745208.5319567171 1.4352272727272728
59178.905796235 2459179.405183911 11.199196792440489 11.199196792440489 3.0 12.0 1.0 7619757.863709991 746551.8262348216 1.4352272727272728
59178.907092535 2459179.4064802397 13.065868798876181 13.065868798876181 3.0 12.0 0.0 7614395.264125207 745994.8171278511 1.4352272727272728
59178.90838883 2459179.407776562 14.932533596875146 14.932533596875146 3.0 12.0 1.0 7626626.991156222 747214.2627681613 1.4352272727272728
59178.909685125 2459179.4090728834 16.79919839487411 16.79919839487411 3.0 12.0 0.0 7624336.708044021 746944.2514186428 1.4352272727272728
59178.910981425 2459179.410369208 18.665870390832424 18.665870390832424 3.0 12.0 1.0 7630906.99486145 747626.7288731666 1.4352272727272728
59178.912277719995 2459179.4116655253 20.53253518883139 20.53253518883139 3.0 12.0 0.0 7625100.7032430675 747016.9348002585 1.4352272727272728
59178.913574015 2459179.412961841 22.399199997307733 22.399199997307733 3.0 12.0 1.0 7632697.478688575 747775.0485169439 1.4352272727272728
59178.91487031 2459179.4142581555 24.265864795306697 24.265864795306697 3.0 12.0 0.0 7628825.274726766 747371.230616171 1.4352272727272728
59178.91616661 2459179.4155544727 26.13253679126501 26.13253679126501 3.0 12.0 1.0 7635018.050942225 748018.1992691387 1.4352272727272728
59178.917462904996 2459179.4168507834 27.999201589263976 27.999201589263976 3.0 12.0 0.0 7633229.270615286 747794.3434098449 1.4352272727272728
59178.918759199994 2459179.418147092 29.86586638726294 29.86586638726294 3.0 12.0 1.0 7639546.091901312 748453.3279198154 1.4352272727272728
59178.920055495 2459179.4194433996 31.732531195739284 31.732531195739284 3.0 12.0 0.0 7633882.062419554 747853.7246788784 1.4352272727272728
59178.921351795 2459179.420739711 33.5992031916976 33.5992031916976 3.0 12.0 1.0 7639423.930738757 748443.0575327383 1.4352272727272728
59178.922648089996 2459179.422036015 35.46586798969656 35.46586798969656 3.0 12.0 0.0 7634749.976323075 747943.6595303494 1.4352272727272728
59178.923944385 2459179.423332318 37.332532798172906 37.332532798172906 3.0 12.0 1.0 7639710.859875737 748469.9353699555 1.4352272727272728
59178.925240685 2459179.4246286256 39.19920479413122 39.19920479413122 3.0 12.0 0.0 7636346.7365172515 748096.7921627841 1.4352272727272728
59178.92653698 2459179.425924927 41.065869592130184 41.065869592130184 3.0 12.0 1.0 7639718.9347012285 748473.8215025488 1.4352272727272728
59178.927833275 2459179.427221228 42.93253439012915 42.93253439012915 3.0 12.0 0.0 7637746.410036861 748236.7027257594 1.4352272727272728
59178.929129569995 2459179.428517528 44.799199188128114 44.799199188128114 3.0 12.0 1.0 7641650.215681166 748664.1213359566 1.4352272727272728
59178.96190735 2459179.4612957714 91.99920239509083 1.865872802445665 3.0 13.0 0.0 7621241.860880638 746644.8016000821 1.4352272727272728
59178.963203645 2459179.4625921003 93.8658671930898 3.73253760044463 3.0 13.0 1.0 7630520.500020277 747580.8502041295 1.4352272727272728
59178.964499940004 2459179.4638884296 95.73253200156614 5.5992024089209735 3.0 13.0 0.0 7626857.848823905 747178.5775597538 1.4352272727272728
59178.965796235 2459179.4651847584 97.5991967995651 7.465867206919938 3.0 13.0 1.0 7634368.18682755 747925.9436047736 1.4352272727272728
59178.967092535 2459179.466481092 99.46586879552342 9.332539202878252 3.0 13.0 0.0 7631724.359816123 747646.2506894182 1.4352272727272728
59178.96838883 2459179.46777742 101.33253359352238 11.199204000877216 3.0 13.0 1.0 7636525.572151635 748156.7225298033 1.4352272727272728
59178.969685125 2459179.4690737473 103.19919839152135 13.065868798876181 3.0 13.0 0.0 7633095.851894928 747783.4587734422 1.4352272727272728
59178.970981425 2459179.4703700785 105.06587039795704 14.932540805311874 3.0 13.0 1.0 7638495.308148088 748347.9387737373 1.4352272727272728
59178.97227772 2459179.4716664036 106.932535195956 16.79920560331084 3.0 13.0 0.0 7633219.453035155 747794.8096587246 1.4352272727272728
