run/run_2021-08-21_02-00-29_L-98-59_Hubble15856/extracted_lc/2021-08-21_02:01/diagnostics.txt
# %ECSV 0.9
# ---
# datatype:
# - {name: nspectra, datatype: float64}
# - {name: t_mjd, datatype: float64}
# - {name: numoutliers, datatype: float64}
# - {name: skymedian, datatype: float64}
# - {name: shift, datatype: float64}
# - {name: '# nans', datatype: float64}
# schema: astropy-2.0
nspectra t_mjd numoutliers skymedian shift "# nans"
0.0 58888.252084215 23.0 32.97477340698242 0.0 0.0
1.0 58888.253380509996 39.0 32.346187591552734 0.0 0.0
2.0 58888.25467699 22.0 32.769927978515625 0.0 0.0
3.0 58888.255973105 34.0 32.23963928222656 0.0 0.0
4.0 58888.2572694 25.0 31.682212829589844 0.0 0.0
5.0 58888.258565694996 31.0 31.234878540039062 0.0 0.0
6.0 58888.259861989995 25.0 32.176971435546875 0.0 0.0
7.0 58888.261158285 36.0 30.880878448486328 0.0 0.0
8.0 58888.262454585 23.0 30.32763671875 0.0 0.0
9.0 58888.263750879996 31.0 29.091232299804688 0.0 0.0
10.0 58888.265047175 27.0 28.895275115966797 0.0 0.0
11.0 58888.266343475 36.0 28.222349166870117 0.0 0.0
12.0 58888.26763977 26.0 28.325271606445312 0.0 0.0
13.0 58888.268936065 31.0 27.297069549560547 0.0 0.0
14.0 58888.270232359995 25.0 28.213794708251953 0.0 0.0
15.0 58888.27152866 33.0 27.817447662353516 0.0 0.0
16.0 58888.272824955 27.0 28.323535919189453 0.0 0.0
17.0 58888.274121434995 34.0 27.599040985107422 0.0 0.0
18.0 58888.275417545 25.0 28.06790542602539 0.0 0.0
19.0 58888.276713845 32.0 27.180343627929688 0.0 0.0
20.0 58888.27801014 27.0 27.68352508544922 0.0 0.0
21.0 58888.279306435 31.0 27.195531845092773 0.0 0.0
22.0 58888.280602735 23.0 27.871490478515625 0.0 0.0
23.0 58888.28189903 39.0 27.430627822875977 0.0 0.0
24.0 58888.283195325 31.0 27.823299407958984 0.0 0.0
25.0 58888.28449162 43.0 26.7694091796875 0.0 0.0
26.0 58888.318183845 25.0 35.85271453857422 0.0 0.0
27.0 58888.319480139995 31.0 33.65850067138672 0.0 0.0
28.0 58888.320776435 26.0 32.285255432128906 0.0 0.0
29.0 58888.322072735 42.0 30.838363647460938 0.0 0.0
30.0 58888.32336903 24.0 31.085725784301758 0.0 0.0
31.0 58888.324665325 36.0 30.7835693359375 0.0 0.0
32.0 58888.32596162 23.0 31.488027572631836 0.0 0.0
33.0 58888.32725773 31.0 29.752178192138672 0.0 0.0
34.0 58888.328554215 27.0 30.082624435424805 0.0 0.0
35.0 58888.329850509996 34.0 29.881988525390625 0.0 0.0
36.0 58888.331146805 27.0 29.60912322998047 0.0 0.0
37.0 58888.332443105 35.0 28.1312255859375 0.0 0.0
38.0 58888.3337394 27.0 28.81873321533203 0.0 0.0
39.0 58888.335035694996 34.0 27.924564361572266 0.0 0.0
40.0 58888.336331989995 29.0 28.0811767578125 0.0 0.0
41.0 58888.337628099995 31.0 27.243671417236328 0.0 0.0
42.0 58888.338924585 24.0 28.148265838623047 0.0 0.0
43.0 58888.340220879996 33.0 27.621337890625 0.0 0.0
44.0 58888.341517175 27.0 28.523193359375 0.0 0.0
45.0 58888.34281329 29.0 27.555198669433594 0.0 0.0
46.0 58888.34410977 23.0 28.157583236694336 0.0 0.0
47.0 58888.345406065 31.0 27.227760314941406 0.0 0.0
48.0 58888.346702359995 26.0 27.50152587890625 0.0 0.0
49.0 58888.34799866 35.0 26.76275634765625 0.0 0.0
50.0 58888.349294955 22.0 27.743619918823242 0.0 0.0
51.0 58888.35059125 34.0 27.171527862548828 0.0 0.0
52.0 58888.384294955 27.0 32.77656555175781 0.0 0.0
53.0 58888.38559125 31.0 32.879947662353516 0.0 0.0
54.0 58888.38688736 23.0 33.60979080200195 0.0 0.0
55.0 58888.388183845 33.0 32.99596405029297 0.0 0.0
56.0 58888.389479955 31.0 33.12943649291992 0.0 0.0
57.0 58888.390776435 31.0 31.05073356628418 0.0 0.0
58.0 58888.392072735 26.0 30.381629943847656 0.0 0.0
59.0 58888.393369030004 33.0 29.853050231933594 0.0 0.0
60.0 58888.394665325 24.0 30.144502639770508 0.0 0.0
61.0 58888.39596162 34.0 29.685016632080078 0.0 0.0
62.0 58888.397257915 27.0 29.87009048461914 0.0 0.0
63.0 58888.398554215004 31.0 28.13761329650879 0.0 0.0
64.0 58888.39985051 25.0 28.430932998657227 0.0 0.0
65.0 58888.401146805 38.0 27.617286682128906 0.0 0.0
66.0 58888.402443105 31.0 27.919784545898438 0.0 0.0
67.0 58888.403739400004 32.0 27.756145477294922 0.0 0.0
68.0 58888.405035695 24.0 28.51750946044922 0.0 0.0
69.0 58888.40633199 30.0 27.676218032836914 0.0 0.0
70.0 58888.407628285 27.0 27.8915958404541 0.0 0.0
71.0 58888.408924585 31.0 27.167016983032227 0.0 0.0
72.0 58888.41022088 26.0 28.071638107299805 0.0 0.0
73.0 58888.411517175 33.0 27.567855834960938 0.0 0.0
74.0 58888.412813475 31.0 27.935222625732422 0.0 0.0
75.0 58888.414109770005 34.0 27.530668258666992 0.0 0.0
76.0 58888.415406065 27.0 27.92245864868164 0.0 0.0
77.0 58888.41670236 30.0 27.406341552734375 0.0 0.0
78.0 58888.450417545 22.0 35.71200180053711 0.0 0.0
79.0 58888.451713845 40.0 34.94780349731445 0.0 0.0
80.0 58888.45301014 30.0 32.7261848449707 0.0 0.0
81.0 58888.454306435 34.0 30.840595245361328 0.0 0.0
82.0 58888.455602735 26.0 31.528806686401367 0.0 0.0
83.0 58888.45689903 32.0 30.74713134765625 0.0 0.0
84.0 58888.458195325 22.0 31.88732147216797 0.0 0.0
85.0 58888.45949162 34.0 30.388748168945312 0.0 0.0
86.0 58888.460787915 26.0 30.455289840698242 0.0 0.0
87.0 58888.462084215 34.0 29.092723846435547 0.0 0.0
88.0 58888.46338051 27.0 30.083099365234375 0.0 0.0
89.0 58888.464676805 38.0 28.500364303588867 0.0 0.0
90.0 58888.465973105 29.0 29.171438217163086 0.0 0.0
91.0 58888.467269400004 32.0 28.0472412109375 0.0 0.0
92.0 58888.46856588 29.0 27.777393341064453 0.0 0.0
93.0 58888.46986199 33.0 27.186338424682617 0.0 0.0
94.0 58888.471158285 22.0 28.40235710144043 0.0 0.0
95.0 58888.472454585004 34.0 28.270030975341797 0.0 0.0
96.0 58888.47375088 23.0 28.478254318237305 0.0 0.0
97.0 58888.475047175 31.0 27.52593994140625 0.0 0.0
98.0 58888.476343475 29.0 28.0645809173584 0.0 0.0
99.0 58888.477639770004 31.0 27.52633285522461 0.0 0.0
100.0 58888.478936065 27.0 27.548789978027344 0.0 0.0
101.0 58888.48023236 31.0 27.095149993896484 0.0 0.0
102.0 58888.48152866 27.0 27.623489379882812 0.0 0.0
103.0 58888.482824955 33.0 27.464067459106445 0.0 0.0
104.0 58946.83767614 27.0 39.608863830566406 0.0 0.0
105.0 58946.838972435 24.0 41.52565383911133 0.0 0.0
106.0 58946.84026873 24.0 38.65058135986328 0.0 0.0
107.0 58946.84156503 25.0 39.29535675048828 0.0 0.0
108.0 58946.842861325 26.0 36.568668365478516 0.0 0.0
109.0 58946.84415762 29.0 37.152610778808594 0.0 0.0
110.0 58946.84545392 28.0 36.629539489746094 0.0 0.0
111.0 58946.846750215 28.0 37.32719421386719 0.0 0.0
112.0 58946.84804651 28.0 34.57551574707031 0.0 0.0
113.0 58946.849342805 28.0 35.62631607055664 0.0 0.0
114.0 58946.8506391 26.0 33.57340621948242 0.0 0.0
115.0 58946.8519354 24.0 34.67426300048828 0.0 0.0
116.0 58946.853231695 24.0 32.14715576171875 0.0 0.0
117.0 58946.85452799 31.0 32.62039566040039 0.0 0.0
118.0 58946.85582429 30.0 31.531314849853516 0.0 0.0
119.0 58946.857120585 30.0 32.76294708251953 0.0 0.0
120.0 58946.85841688 25.0 32.65180969238281 0.0 0.0
121.0 58946.859713175 32.0 35.78339385986328 0.0 0.0
122.0 58946.861009475004 33.0 34.34348678588867 0.0 0.0
123.0 58946.86230577 27.0 36.492427825927734 0.0 0.0
124.0 58946.863602065 33.0 36.24897003173828 0.0 0.0
125.0 58946.86489836 25.0 40.35670852661133 0.0 0.0
126.0 58946.866194660004 24.0 34.69329071044922 0.0 0.0
127.0 58946.867490955 28.0 32.44441223144531 0.0 0.0
128.0 58946.86878725 26.0 29.686058044433594 0.0 0.0
129.0 58946.870083545 26.0 29.472637176513672 0.0 0.0
130.0 58946.900754845 23.0 39.57807922363281 0.0 0.0
131.0 58946.90205114 30.0 41.61969757080078 0.0 0.0
132.0 58946.903347435 27.0 39.902191162109375 0.0 0.0
133.0 58946.904643735004 30.0 40.210147857666016 0.0 0.0
134.0 58946.90594003 28.0 37.12229537963867 0.0 0.0
135.0 58946.907236325 25.0 38.374000549316406 0.0 0.0
136.0 58946.90853262 32.0 36.809993743896484 0.0 0.0
137.0 58946.909828915 30.0 38.152645111083984 0.0 0.0
138.0 58946.911125215 29.0 36.22382354736328 0.0 0.0
139.0 58946.91242151 26.0 37.959171295166016 0.0 0.0
140.0 58946.913717805 30.0 35.86740493774414 0.0 0.0
141.0 58946.915014105 29.0 37.78513717651367 0.0 0.0
142.0 58946.9163104 27.0 34.870140075683594 0.0 0.0
143.0 58946.917606695 25.0 34.26906204223633 0.0 0.0
144.0 58946.91890299 27.0 31.527198791503906 0.0 0.0
145.0 58946.920199285 27.0 32.811370849609375 0.0 0.0
146.0 58946.921495585004 33.0 31.69283676147461 0.0 0.0
147.0 58946.92279188 26.0 33.95214080810547 0.0 0.0
148.0 58946.924088175 29.0 32.226951599121094 0.0 0.0
149.0 58946.925384475 29.0 33.35453796386719 0.0 0.0
150.0 58946.926680770004 26.0 32.188682556152344 0.0 0.0
151.0 58946.927977065 25.0 34.63392639160156 0.0 0.0
152.0 58946.92927336 27.0 33.90239334106445 0.0 0.0
153.0 58946.930569660006 25.0 40.901790618896484 0.0 0.0
154.0 58946.931865955004 27.0 40.115447998046875 0.0 0.0
155.0 58946.93316225 28.0 33.9069938659668 0.0 0.0
156.0 58946.966831325 28.0 42.200843811035156 0.0 0.0
157.0 58946.96812762 25.0 45.8472900390625 0.0 0.0
158.0 58946.96942392 24.0 42.89130401611328 0.0 0.0
159.0 58946.970720215 25.0 42.214508056640625 0.0 0.0
160.0 58946.97201651 33.0 39.655426025390625 0.0 0.0
161.0 58946.973312805 31.0 41.581260681152344 0.0 0.0
162.0 58946.9746091 26.0 39.082427978515625 0.0 0.0
163.0 58946.9759054 24.0 39.267356872558594 0.0 0.0
164.0 58946.977201695 27.0 36.71385192871094 0.0 0.0
165.0 58946.97849799 36.0 37.17350769042969 0.0 0.0
166.0 58946.979794290004 25.0 36.577213287353516 0.0 0.0
167.0 58946.981090585 31.0 38.19258499145508 0.0 0.0
168.0 58946.98238688 28.0 36.66986846923828 0.0 0.0
169.0 58946.983683175 27.0 37.093727111816406 0.0 0.0
170.0 58946.984979475004 33.0 33.752071380615234 0.0 0.0
171.0 58946.98627577 29.0 34.36875534057617 0.0 0.0
172.0 58946.987572065 23.0 31.67529296875 0.0 0.0
173.0 58946.98886836 27.0 33.02437973022461 0.0 0.0
174.0 58946.990164660005 27.0 31.32122039794922 0.0 0.0
175.0 58946.991460955 25.0 33.62042999267578 0.0 0.0
176.0 58946.99275725 24.0 32.02146911621094 0.0 0.0
177.0 58946.994053545 26.0 34.26325607299805 0.0 0.0
178.0 58946.995349845005 26.0 33.41212463378906 0.0 0.0
179.0 58946.99664614 26.0 36.024696350097656 0.0 0.0
180.0 58946.997942435 25.0 36.42394256591797 0.0 0.0
181.0 58946.99923873 29.0 36.864837646484375 0.0 0.0
182.0 58947.03290762 27.0 40.476871490478516 0.0 0.0
183.0 58947.034203920004 25.0 46.28730773925781 0.0 0.0
184.0 58947.035500215 23.0 45.42976760864258 0.0 0.0
185.0 58947.03679651 30.0 45.140411376953125 0.0 0.0
186.0 58947.038092805 35.0 42.006675720214844 0.0 0.0
187.0 58947.0393891 26.0 41.941001892089844 0.0 0.0
188.0 58947.0406854 30.0 39.9432373046875 0.0 0.0
189.0 58947.041981695 23.0 41.77312088012695 0.0 0.0
190.0 58947.04327799 34.0 39.96843719482422 0.0 0.0
191.0 58947.044574290005 29.0 41.12849426269531 0.0 0.0
192.0 58947.045870585 25.0 37.690528869628906 0.0 0.0
193.0 58947.04716688 28.0 37.93592071533203 0.0 0.0
194.0 58947.048463175 29.0 35.95508575439453 0.0 0.0
195.0 58947.049759475005 29.0 39.11502456665039 0.0 0.0
196.0 58947.05105577 24.0 38.605201721191406 0.0 0.0
197.0 58947.052352065 31.0 37.85447692871094 0.0 0.0
198.0 58947.05364836 26.0 35.16501235961914 0.0 0.0
199.0 58947.054944660005 26.0 33.95735168457031 0.0 0.0
200.0 58947.056240955004 27.0 31.810749053955078 0.0 0.0
201.0 58947.05753725 23.0 32.95392608642578 0.0 0.0
202.0 58947.058833545 28.0 32.46692657470703 0.0 0.0
203.0 58947.060129845006 25.0 34.454925537109375 0.0 0.0
204.0 58947.061426140004 27.0 34.21766662597656 0.0 0.0
205.0 58947.062722435 32.0 36.40464782714844 0.0 0.0
206.0 58947.06401873 27.0 36.13315963745117 0.0 0.0
207.0 58947.065315030006 24.0 37.2962646484375 0.0 0.0
208.0 59120.318630155 28.0 58.52131271362305 0.0 0.0
209.0 59120.319926455 28.0 52.662994384765625 0.0 0.0
210.0 59120.321222750004 30.0 52.21642303466797 0.0 0.0
211.0 59120.322519045 30.0 46.785133361816406 0.0 0.0
212.0 59120.32381534 30.0 45.003021240234375 0.0 0.0
213.0 59120.32511164 26.0 39.971702575683594 0.0 0.0
214.0 59120.326407935 28.0 42.20798873901367 0.0 0.0
215.0 59120.32770423 30.0 39.910640716552734 0.0 0.0
216.0 59120.329000525 29.0 42.30911636352539 0.0 0.0
217.0 59120.330296825 32.0 40.23674011230469 0.0 0.0
218.0 59120.331593120005 27.0 42.93947982788086 0.0 0.0
219.0 59120.332889415 28.0 41.11486053466797 0.0 0.0
220.0 59120.334185715 27.0 43.1287841796875 0.0 0.0
221.0 59120.33548201 34.0 41.157501220703125 0.0 0.0
222.0 59120.336778305 28.0 43.521934509277344 0.0 0.0
223.0 59120.338074600004 25.0 41.88496398925781 0.0 0.0
224.0 59120.339370895 30.0 45.044677734375 0.0 0.0
225.0 59120.340667195 29.0 44.19427490234375 0.0 0.0
226.0 59120.341963490006 23.0 44.498313903808594 0.0 0.0
227.0 59120.343259785004 29.0 40.997344970703125 0.0 0.0
228.0 59120.344556085 24.0 40.48925018310547 0.0 0.0
229.0 59120.34585238 31.0 35.562259674072266 0.0 0.0
230.0 59120.347148675 26.0 36.92108917236328 0.0 0.0
231.0 59120.348444970004 29.0 34.78443908691406 0.0 0.0
232.0 59120.349741265 32.0 36.7402229309082 0.0 0.0
233.0 59120.351037565 30.0 34.31725311279297 0.0 0.0
234.0 59120.382449785 26.0 65.17633056640625 0.0 0.0
235.0 59120.383746085 24.0 59.98418426513672 0.0 0.0
236.0 59120.38504238 25.0 56.958984375 0.0 0.0
237.0 59120.38633849 28.0 51.668548583984375 0.0 0.0
238.0 59120.38763497 26.0 52.571571350097656 0.0 0.0
239.0 59120.38893108 27.0 51.393959045410156 0.0 0.0
240.0 59120.390227565 25.0 52.307533264160156 0.0 0.0
241.0 59120.39152386 26.0 48.92116928100586 0.0 0.0
242.0 59120.392820155 23.0 49.89298629760742 0.0 0.0
243.0 59120.39411627 29.0 45.263038635253906 0.0 0.0
244.0 59120.395412750004 29.0 44.68181610107422 0.0 0.0
245.0 59120.396709045 35.0 42.26362228393555 0.0 0.0
246.0 59120.39800534 26.0 42.77395248413086 0.0 0.0
247.0 59120.399301640005 32.0 40.652496337890625 0.0 0.0
248.0 59120.400597935004 23.0 43.16106033325195 0.0 0.0
249.0 59120.40189423 34.0 40.79219055175781 0.0 0.0
250.0 59120.403190525 28.0 43.3788948059082 0.0 0.0
251.0 59120.404486825 29.0 41.715599060058594 0.0 0.0
252.0 59120.405783120004 29.0 43.883033752441406 0.0 0.0
253.0 59120.407079415 24.0 42.31395721435547 0.0 0.0
254.0 59120.408375715 34.0 44.03289031982422 0.0 0.0
255.0 59120.40967201 25.0 40.93181228637695 0.0 0.0
256.0 59120.410968305 27.0 41.237361907958984 0.0 0.0
257.0 59120.4122646 27.0 35.5592041015625 0.0 0.0
258.0 59120.413560895 26.0 36.388893127441406 0.0 0.0
259.0 59120.414857195 29.0 34.74773406982422 0.0 0.0
260.0 59120.44857238 26.0 61.18235397338867 0.0 0.0
261.0 59120.449868675 29.0 55.84097671508789 0.0 0.0
262.0 59120.45116497 24.0 55.14460754394531 0.0 0.0
263.0 59120.452461265 27.0 51.17823028564453 0.0 0.0
264.0 59120.453757565 27.0 49.89515686035156 0.0 0.0
265.0 59120.45505386 27.0 45.48625183105469 0.0 0.0
266.0 59120.456350155 29.0 46.24488067626953 0.0 0.0
267.0 59120.457646455 28.0 44.90263366699219 0.0 0.0
268.0 59120.45894275 30.0 48.34766387939453 0.0 0.0
269.0 59120.460239045 25.0 46.985538482666016 0.0 0.0
270.0 59120.46153534 30.0 47.84852600097656 0.0 0.0
271.0 59120.462831640005 26.0 43.88459014892578 0.0 0.0
272.0 59120.464127935 29.0 45.027381896972656 0.0 0.0
273.0 59120.46542423 29.0 42.52540969848633 0.0 0.0
274.0 59120.466720525 24.0 44.1871223449707 0.0 0.0
275.0 59120.468016825 30.0 41.4527473449707 0.0 0.0
276.0 59120.469313120004 27.0 43.23261260986328 0.0 0.0
277.0 59120.470609415 30.0 41.89276123046875 0.0 0.0
278.0 59120.471905715 28.0 44.1015739440918 0.0 0.0
279.0 59120.473202010005 29.0 42.189369201660156 0.0 0.0
280.0 59120.474498305004 31.0 43.94615173339844 0.0 0.0
281.0 59120.4757946 33.0 41.197593688964844 0.0 0.0
282.0 59120.477090895 31.0 41.61260986328125 0.0 0.0
283.0 59120.478387195 30.0 36.34612274169922 0.0 0.0
284.0 59120.479683490004 24.0 37.20608901977539 0.0 0.0
285.0 59120.480979785 30.0 35.61260986328125 0.0 0.0
286.0 59120.51469497 35.0 63.54853439331055 0.0 0.0
287.0 59120.515991265 31.0 55.485721588134766 0.0 0.0
288.0 59120.517287565 27.0 52.918434143066406 0.0 0.0
289.0 59120.51858386 24.0 48.103965759277344 0.0 0.0
290.0 59120.519880155 28.0 49.21820068359375 0.0 0.0
291.0 59120.521176455004 29.0 43.69778823852539 0.0 0.0
292.0 59120.52247275 28.0 44.30162811279297 0.0 0.0
293.0 59120.523769045 30.0 41.671302795410156 0.0 0.0
294.0 59120.52506534 22.0 43.93146896362305 0.0 0.0
295.0 59120.526361640004 26.0 43.1902961730957 0.0 0.0
296.0 59120.527657935 26.0 46.95659637451172 0.0 0.0
297.0 59120.52895423 28.0 44.36793518066406 0.0 0.0
298.0 59120.530250525 32.0 44.97346496582031 0.0 0.0
299.0 59120.531546825 26.0 43.59845733642578 0.0 0.0
300.0 59120.53284312 25.0 45.2924919128418 0.0 0.0
