run/run_2021-08-21_02-00-29_L-98-59_Hubble15856/extracted_lc/2021-08-21_02:01/diagnostics.txt
# %ECSV 0.9
# ---
# datatype:
# - {name: nspectra, datatype: float64}
# - {name: t_mjd, datatype: float64}
# - {name: numoutliers, datatype: float64}
# - {name: skymedian, datatype: float64}
# - {name: shift, datatype: float64}
# - {name: '# nans', datatype: float64}
# schema: astropy-2.0
nspectra t_mjd numoutliers skymedian shift "# nans"
[from data line 302]
302.0 59120.535435715 29.0 46.19086456298828 0.0 0.0
303.0 59120.536732010005 29.0 43.74531936645508 0.0 0.0
304.0 59120.538028305 26.0 45.74005889892578 0.0 0.0
305.0 59120.5393246 30.0 43.44755554199219 0.0 0.0
306.0 59120.540620895 27.0 45.44486618041992 0.0 0.0
307.0 59120.541917195 33.0 42.029388427734375 0.0 0.0
308.0 59120.543213490004 28.0 42.603370666503906 0.0 0.0
309.0 59120.544509785 29.0 37.32036590576172 0.0 0.0
310.0 59120.545806085 27.0 37.651466369628906 0.0 0.0
311.0 59120.547102380006 27.0 35.02523422241211 0.0 0.0
312.0 59178.899314755 24.0 32.75309753417969 0.0 0.0
313.0 59178.900611054996 30.0 31.287397384643555 0.0 0.0
314.0 59178.901907349995 30.0 33.31074523925781 0.0 0.0
315.0 59178.903203645 30.0 31.176162719726562 0.0 0.0
316.0 59178.90449994 28.0 35.42744445800781 0.0 0.0
317.0 59178.905796235 31.0 34.544166564941406 0.0 0.0
318.0 59178.907092535 29.0 37.62290573120117 0.0 0.0
319.0 59178.90838883 28.0 37.481658935546875 0.0 0.0
320.0 59178.909685125 30.0 39.68919372558594 0.0 0.0
321.0 59178.910981425 31.0 37.4056282043457 0.0 0.0
322.0 59178.912277719995 25.0 38.74041748046875 0.0 0.0
323.0 59178.913574015 29.0 35.716957092285156 0.0 0.0
324.0 59178.91487031 24.0 37.5722541809082 0.0 0.0
325.0 59178.91616661 28.0 35.63519287109375 0.0 0.0
326.0 59178.917462904996 26.0 37.94730758666992 0.0 0.0
327.0 59178.918759199994 32.0 36.11394119262695 0.0 0.0
328.0 59178.920055495 26.0 38.12812042236328 0.0 0.0
329.0 59178.921351795 31.0 36.58135986328125 0.0 0.0
330.0 59178.922648089996 27.0 39.06686019897461 0.0 0.0
331.0 59178.923944385 36.0 37.61368942260742 0.0 0.0
332.0 59178.925240685 26.0 41.40177917480469 0.0 0.0
333.0 59178.92653698 31.0 40.294891357421875 0.0 0.0
334.0 59178.927833275 26.0 46.965370178222656 0.0 0.0
335.0 59178.929129569995 26.0 46.6098747253418 0.0 0.0
336.0 59178.96190735 25.0 32.65904998779297 0.0 0.0
337.0 59178.963203645 32.0 31.270374298095703 0.0 0.0
338.0 59178.964499940004 25.0 33.675537109375 0.0 0.0
339.0 59178.965796235 27.0 31.32030487060547 0.0 0.0
340.0 59178.967092535 26.0 33.38097381591797 0.0 0.0
341.0 59178.96838883 29.0 31.852062225341797 0.0 0.0
342.0 59178.969685125 25.0 33.887611389160156 0.0 0.0
343.0 59178.970981425 30.0 34.248226165771484 0.0 0.0
344.0 59178.97227772 28.0 37.64791488647461 0.0 0.0
345.0 59178.973574015 29.0 35.673583984375 0.0 0.0
346.0 59178.974870310005 26.0 37.37997817993164 0.0 0.0
347.0 59178.976166609995 30.0 35.62161636352539 0.0 0.0
348.0 59178.977462905 26.0 38.21036148071289 0.0 0.0
349.0 59178.9787592 30.0 37.127044677734375 0.0 0.0
350.0 59178.980055495 26.0 39.60594940185547 0.0 0.0
351.0 59178.981351795 33.0 37.083038330078125 0.0 0.0
352.0 59178.98264809 28.0 38.43252944946289 0.0 0.0
353.0 59178.983944385 32.0 36.70024871826172 0.0 0.0
354.0 59178.985240685 27.0 37.392921447753906 0.0 0.0
355.0 59178.986536979995 30.0 36.22361755371094 0.0 0.0
356.0 59178.987833275 27.0 39.460777282714844 0.0 0.0
357.0 59178.98912957 33.0 38.22343063354492 0.0 0.0
358.0 59178.990425865 29.0 40.18143081665039 0.0 0.0
359.0 59178.991722164996 37.0 38.22509765625 0.0 0.0
360.0 59178.993018459994 28.0 41.49803161621094 0.0 0.0
361.0 59178.994314755 32.0 41.513031005859375 0.0 0.0
362.0 59179.028087905 26.0 32.58523178100586 0.0 0.0
363.0 59179.029384199996 31.0 31.57645606994629 0.0 0.0
364.0 59179.030680494994 29.0 33.38469696044922 0.0 0.0
365.0 59179.031976795 33.0 31.544559478759766 0.0 0.0
366.0 59179.03327309 26.0 33.431400299072266 0.0 0.0
367.0 59179.034569384996 30.0 31.459169387817383 0.0 0.0
368.0 59179.035865679994 24.0 34.305179595947266 0.0 0.0
369.0 59179.03716198 32.0 34.9029655456543 0.0 0.0
370.0 59179.038458275 28.0 38.01217269897461 0.0 0.0
371.0 59179.039754569996 33.0 36.01509094238281 0.0 0.0
372.0 59179.04105087 28.0 37.863101959228516 0.0 0.0
373.0 59179.042347165 28.0 36.12287139892578 0.0 0.0
374.0 59179.04364346 28.0 38.21288299560547 0.0 0.0
375.0 59179.044939755 28.0 35.49207305908203 0.0 0.0
376.0 59179.046236049995 24.0 37.9649658203125 0.0 0.0
377.0 59179.04753235 29.0 36.236785888671875 0.0 0.0
378.0 59179.048828645 22.0 38.42612075805664 0.0 0.0
379.0 59179.05012494 33.0 36.29621124267578 0.0 0.0
380.0 59179.05142124 29.0 38.850677490234375 0.0 0.0
381.0 59179.052717535 31.0 36.882049560546875 0.0 0.0
382.0 59179.05401383 25.0 39.194515228271484 0.0 0.0
383.0 59179.055310125 64.0 35.97624588012695 0.0 0.0
384.0 59179.056606425 24.0 39.185272216796875 0.0 0.0
385.0 59179.05790272 27.0 39.92746353149414 0.0 0.0
386.0 59179.059199015 23.0 44.004112243652344 0.0 0.0
387.0 59179.06049531 29.0 42.532081604003906 0.0 0.0
388.0 59179.09426846 23.0 32.7873420715332 0.0 0.0
389.0 59179.095564755 32.0 31.556751251220703 0.0 0.0
390.0 59179.096861055004 24.0 33.69076156616211 0.0 0.0
391.0 59179.09815735 27.0 31.655136108398438 0.0 0.0
392.0 59179.099453645 29.0 33.350120544433594 0.0 0.0
393.0 59179.10074994 31.0 32.07130432128906 0.0 0.0
394.0 59179.102046235 26.0 33.71411895751953 0.0 0.0
395.0 59179.103342535 35.0 34.532936096191406 0.0 0.0
396.0 59179.10463883 30.0 37.807979583740234 0.0 0.0
397.0 59179.105935125 29.0 35.93600845336914 0.0 0.0
398.0 59179.107231425 25.0 37.401405334472656 0.0 0.0
399.0 59179.10852772 35.0 35.40135955810547 0.0 0.0
400.0 59179.109824015 25.0 37.326290130615234 0.0 0.0
401.0 59179.11112031 31.0 35.230716705322266 0.0 0.0
402.0 59179.112416610005 25.0 37.85845947265625 0.0 0.0
403.0 59179.113712905004 31.0 35.7507438659668 0.0 0.0
404.0 59179.1150092 27.0 37.21337127685547 0.0 0.0
405.0 59179.116305495 29.0 35.61598205566406 0.0 0.0
406.0 59179.117601795 23.0 38.564483642578125 0.0 0.0
407.0 59179.118898090004 36.0 36.897010803222656 0.0 0.0
408.0 59179.120194385 35.0 39.56770324707031 0.0 0.0
409.0 59179.121490685 31.0 38.25237274169922 0.0 0.0
410.0 59179.12278698 29.0 41.163612365722656 0.0 0.0
411.0 59179.124083275 32.0 38.992591857910156 0.0 0.0
412.0 59179.12537957 32.0 40.588375091552734 0.0 0.0
413.0 59179.126675865 30.0 40.25597381591797 0.0 0.0
414.0 59269.031274124995 26.0 37.955989837646484 0.0 0.0
415.0 59269.03257042 32.0 36.962562561035156 0.0 0.0
416.0 59269.033866715006 29.0 35.42018127441406 0.0 0.0
417.0 59269.035163010005 29.0 34.87050247192383 0.0 0.0
418.0 59269.036459309995 26.0 35.27018737792969 0.0 0.0
419.0 59269.03775560499 27.0 35.0982780456543 0.0 0.0
420.0 59269.0390519 26.0 34.473079681396484 0.0 0.0
421.0 59269.040348195005 29.0 34.30430603027344 0.0 0.0
422.0 59269.041644494995 25.0 32.44219207763672 0.0 0.0
423.0 59269.04294079 28.0 31.83211898803711 0.0 0.0
424.0 59269.04423708501 29.0 31.017478942871094 0.0 0.0
425.0 59269.045533380006 27.0 30.94297218322754 0.0 0.0
426.0 59269.046829679995 30.0 29.96741485595703 0.0 0.0
427.0 59269.048125789996 28.0 29.410375595092773 0.0 0.0
428.0 59269.049422085 28.0 28.360340118408203 0.0 0.0
429.0 59269.050718385 28.0 28.426008224487305 0.0 0.0
430.0 59269.05201468 30.0 27.247758865356445 0.0 0.0
431.0 59269.053310974996 29.0 27.90142059326172 0.0 0.0
432.0 59269.054607269994 27.0 27.365951538085938 0.0 0.0
433.0 59269.055903565 32.0 27.216157913208008 0.0 0.0
434.0 59269.057199865 27.0 27.690349578857422 0.0 0.0
435.0 59269.058496159996 26.0 27.203506469726562 0.0 0.0
436.0 59269.059792455 24.0 27.194509506225586 0.0 0.0
437.0 59269.061088755 27.0 27.490123748779297 0.0 0.0
438.0 59269.06238505 30.0 27.140756607055664 0.0 0.0
439.0 59269.063681345 30.0 26.995983123779297 0.0 0.0
440.0 59269.097373565004 26.0 40.242156982421875 0.0 0.0
441.0 59269.098669865 33.0 38.693641662597656 0.0 0.0
442.0 59269.09996616 30.0 35.97648620605469 0.0 0.0
443.0 59269.101262455 27.0 35.04274368286133 0.0 0.0
444.0 59269.102558754996 27.0 34.12742614746094 0.0 0.0
445.0 59269.103855049994 30.0 32.238067626953125 0.0 0.0
446.0 59269.105151345 27.0 32.222511291503906 0.0 0.0
447.0 59269.10644764 29.0 32.774559020996094 0.0 0.0
448.0 59269.107743935 27.0 32.53778076171875 0.0 0.0
449.0 59269.109040235 28.0 31.870601654052734 0.0 0.0
450.0 59269.11033653 30.0 31.507793426513672 0.0 0.0
451.0 59269.111632825 38.0 30.868759155273438 0.0 0.0
452.0 59269.112929124996 25.0 30.396682739257812 0.0 0.0
453.0 59269.114225419995 32.0 29.662799835205078 0.0 0.0
454.0 59269.115521715 31.0 29.094104766845703 0.0 0.0
455.0 59269.11681801 29.0 28.23929214477539 0.0 0.0
456.0 59269.11811431 29.0 27.636598587036133 0.0 0.0
457.0 59269.119410605 33.0 27.44237518310547 0.0 0.0
458.0 59269.1207069 27.0 27.457101821899414 0.0 0.0
459.0 59269.122003195 29.0 28.000062942504883 0.0 0.0
460.0 59269.123299495 29.0 27.295852661132812 0.0 0.0
461.0 59269.124595789996 28.0 26.970504760742188 0.0 0.0
462.0 59269.125892085 28.0 27.434669494628906 0.0 0.0
463.0 59269.127188385 27.0 27.427772521972656 0.0 0.0
464.0 59269.12848468 27.0 27.032730102539062 0.0 0.0
465.0 59269.129780974996 30.0 26.867414474487305 0.0 0.0
466.0 59269.163473010005 27.0 37.959468841552734 0.0 0.0
467.0 59269.164769309995 25.0 37.64613723754883 0.0 0.0
468.0 59269.16606560499 26.0 36.941436767578125 0.0 0.0
469.0 59269.1673619 30.0 35.98683166503906 0.0 0.0
470.0 59269.168658195005 31.0 35.5616455078125 0.0 0.0
471.0 59269.169954494995 28.0 33.5045051574707 0.0 0.0
472.0 59269.17125079 29.0 32.51552200317383 0.0 0.0
473.0 59269.17254708501 30.0 31.904598236083984 0.0 0.0
474.0 59269.173843380006 23.0 31.283586502075195 0.0 0.0
475.0 59269.175139679995 25.0 31.248748779296875 0.0 0.0
476.0 59269.176435974994 30.0 31.458553314208984 0.0 0.0
477.0 59269.17773227 29.0 30.51238441467285 0.0 0.0
478.0 59269.17902857 26.0 30.11260223388672 0.0 0.0
479.0 59269.180324864996 31.0 29.699552536010742 0.0 0.0
480.0 59269.181621159994 26.0 28.88677215576172 0.0 0.0
481.0 59269.18291745499 29.0 28.259397506713867 0.0 0.0
482.0 59269.18421375 26.0 27.324981689453125 0.0 0.0
483.0 59269.185510049996 29.0 27.368148803710938 0.0 0.0
484.0 59269.186806344995 24.0 27.68692398071289 0.0 0.0
485.0 59269.18810264 31.0 27.842945098876953 0.0 0.0
486.0 59269.18939894 30.0 27.400978088378906 0.0 0.0
487.0 59269.190695235 25.0 27.49300765991211 0.0 0.0
488.0 59269.191991529995 27.0 27.132078170776367 0.0 0.0
489.0 59269.19328782499 40.0 27.27497100830078 0.0 0.0
490.0 59269.194584125 30.0 27.14266586303711 0.0 0.0
491.0 59269.19588042 30.0 27.10262680053711 0.0 0.0
492.0 59269.229584125 26.0 36.82868957519531 0.0 0.0
493.0 59269.23088042 24.0 35.20741653442383 0.0 0.0
494.0 59269.232176715 28.0 34.01451873779297 0.0 0.0
495.0 59269.23347301 32.0 34.02387237548828 0.0 0.0
496.0 59269.23476931 29.0 33.73858642578125 0.0 0.0
497.0 59269.236065605 30.0 33.394859313964844 0.0 0.0
498.0 59269.2373619 30.0 33.48127365112305 0.0 0.0
499.0 59269.238658195 31.0 32.97882080078125 0.0 0.0
500.0 59269.239954495 32.0 32.11103820800781 0.0 0.0
501.0 59269.24125079 26.0 31.326208114624023 0.0 0.0
502.0 59269.242547085 26.0 31.176504135131836 0.0 0.0
503.0 59269.24384338 28.0 30.405471801757812 0.0 0.0
504.0 59269.24513968 46.0 29.07805061340332 0.0 0.0
505.0 59269.246435975 28.0 28.97431182861328 0.0 0.0
506.0 59269.24773227 31.0 28.406055450439453 0.0 0.0
507.0 59269.249028570004 29.0 27.98105239868164 0.0 0.0
508.0 59269.250324865 29.0 27.586814880371094 0.0 0.0
509.0 59269.25162116 29.0 27.703792572021484 0.0 0.0
510.0 59269.252917455 27.0 27.47260284423828 0.0 0.0
511.0 59269.25421375 26.0 27.368457794189453 0.0 0.0
512.0 59269.25551005 23.0 27.491552352905273 0.0 0.0
513.0 59269.256806345 35.0 28.08144760131836 0.0 0.0
514.0 59269.25810264 25.0 27.503084182739258 0.0 0.0
515.0 59269.259398940005 31.0 27.882383346557617 0.0 0.0
516.0 59269.260695235 30.0 27.083629608154297 0.0 0.0
517.0 59269.26199153 29.0 27.095844268798828 0.0 0.0
