run/run_2021-08-21_02-00-29_L-98-59_Hubble15856_spec/extracted_lc/2021-08-21_02:01/lc_white.txt
# %ECSV 0.9
# ---
# datatype:
# - {name: t_mjd, datatype: float64}
# - {name: t_bjd, datatype: float64}
# - {name: t_visit, datatype: float64}
# - {name: t_orbit, datatype: float64}
# - {name: ivisit, datatype: float64}
# - {name: iorbit, datatype: float64}
# - {name: scan, datatype: float64}
# - {name: spec_opt, datatype: float64}
# - {name: var_opt, datatype: float64}
# - {name: spec_box, datatype: float64}
# - {name: var_box, datatype: float64}
# schema: astropy-2.0
t_mjd t_bjd t_visit t_orbit ivisit iorbit scan spec_opt var_opt spec_box var_box
[from data line 104]
58946.83767614 2458947.3393639354 1.8658656044863164 1.8658656044863164 1.0 4.0 0.0 920391356.8026273 949573471.3943503 919737820.7752469 951149516.713448
58946.838972435 2458947.3406602414 3.7325304024852812 3.7325304024852812 1.0 4.0 1.0 924655176.0350208 953896922.110202 924121258.4474399 955433644.982296
58946.84026873 2458947.3419565475 5.599195200484246 5.599195200484246 1.0 4.0 0.0 924935965.738548 954122891.6532651 924298497.7903647 955639759.2249823
58946.84156503 2458947.3432528577 7.465867206919938 7.465867206919938 1.0 4.0 1.0 927128413.2257435 956358811.7726164 926598461.0441154 957910217.9584916
58946.842861325 2458947.3445491623 9.332532004918903 9.332532004918903 1.0 4.0 0.0 926767493.6072806 955963318.7766008 926133265.4763021 957474246.4080462
58946.84415762 2458947.3458454665 11.199196802917868 11.199196802917868 1.0 4.0 1.0 928505547.0733957 957745680.0013881 927996416.5785897 959307594.5530211
58946.84545392 2458947.3471417744 13.06586880935356 13.06586880935356 1.0 4.0 0.0 927820232.7229203 957014905.0374972 927198436.2065696 958539197.0628723
58946.846750215 2458947.348438077 14.932533607352525 14.932533607352525 1.0 4.0 1.0 929255473.6469901 958493174.2003148 928731052.2495292 960040591.8983389
58946.84804651 2458947.3497343785 16.79919840535149 16.79919840535149 1.0 4.0 0.0 928513376.9052848 957713551.5156672 927873048.1835084 959211953.2578273
58946.849342805 2458947.3510306785 18.665863203350455 18.665863203350455 1.0 4.0 1.0 929700402.4897579 958949498.597285 929186081.3327291 960502597.0070469
58946.8506391 2458947.3523269785 20.53252800134942 20.53252800134942 1.0 4.0 0.0 929003124.1550441 958200496.4040152 928372632.6017749 959706224.8782644
58946.8519354 2458947.3536232817 22.39920000778511 22.39920000778511 1.0 4.0 1.0 930048770.1962154 959293525.3951676 929523338.3815354 960833789.6925871
58946.853231695 2458947.354919579 24.265864805784076 24.265864805784076 1.0 4.0 0.0 929279725.4346012 958457853.3374909 928652627.3601588 959983508.9202697
58946.85452799 2458947.356215875 26.13252960378304 26.13252960378304 1.0 4.0 1.0 930315508.6893005 959550402.6950159 929804292.0430415 961109269.2542359
58946.85582429 2458947.3575121756 27.999201610218734 27.999201610218734 1.0 4.0 0.0 929559008.5512516 958762247.1414945 928925166.7411765 960259472.6246296
58946.857120585 2458947.35880847 29.8658664082177 29.8658664082177 1.0 4.0 1.0 930499096.1366117 959735101.7193186 930010915.9905572 961315984.7535505
58946.85841688 2458947.3601047634 31.732531206216663 31.732531206216663 1.0 4.0 0.0 929752798.1239262 958941669.8067626 929139420.0482912 960483013.2174685
58946.859713175 2458947.361401056 33.59919600421563 33.59919600421563 1.0 4.0 1.0 930636818.0805228 959886094.0057827 930116101.3505459 961430811.3877537
58946.861009475004 2458947.3626973527 35.46586801065132 35.46586801065132 1.0 4.0 0.0 929851912.4941936 959058954.8922296 929218675.9279666 960563074.6176039
58946.86230577 2458947.3639936442 37.332532808650285 37.332532808650285 1.0 4.0 1.0 930786929.7743388 960035525.1220673 930265085.9416283 961576790.9734771
58946.863602065 2458947.3652899344 39.19919760664925 39.19919760664925 1.0 4.0 0.0 929845325.9689317 959038947.1866801 929366814.201504 960708764.5572584
58946.86489836 2458947.3665862246 41.065862404648215 41.065862404648215 1.0 4.0 1.0 930588323.3154508 959804731.7138531 930058354.7536829 961375735.0916512
58946.866194660004 2458947.3678825195 42.93253441108391 42.93253441108391 1.0 4.0 0.0 929914769.7437315 959091352.2607765 929286953.8602805 960620822.3255061
58946.867490955 2458947.3691788097 44.79919920908287 44.79919920908287 1.0 4.0 1.0 930889355.9031656 960126099.6314867 930422688.076966 961727529.1232928
58946.86878725 2458947.370475099 46.66586400708184 46.66586400708184 1.0 4.0 0.0 930107769.2568879 959311413.2931889 929466619.557348 960796679.3974433
58946.870083545 2458947.3717713887 48.5325288050808 48.5325288050808 1.0 4.0 1.0 930893601.9507856 960116636.0596203 930359485.4025707 961655544.9481387
58946.900754845 2458947.4024427715 92.69920080900192 1.8658656044863164 1.0 5.0 0.0 928453097.2874653 957647516.5583041 927796493.7917151 959193659.0966969
58946.90205114 2458947.4037390784 94.56586560700089 3.7325304024852812 1.0 5.0 1.0 929909711.4402578 959160152.8300934 929394610.0082414 960719592.661624
58946.903347435 2458947.4050353845 96.43253040499985 5.599195200484246 1.0 5.0 0.0 929272928.9206 958484897.3381768 928629231.5654525 959981097.37677
58946.904643735004 2458947.4063316956 98.29920241143554 7.465867206919938 1.0 5.0 1.0 930275014.6823229 959531717.8663576 929784651.6745692 961106966.2129121
58946.90594003 2458947.4076280016 100.16586720943451 9.332532004918903 1.0 5.0 0.0 929493975.2634714 958697422.0889521 928863548.3176265 960209099.3744183
58946.907236325 2458947.408924307 102.03253200743347 11.199196802917868 1.0 5.0 1.0 930474141.2302835 959718286.6263237 929978687.8282671 961299080.030616
58946.90853262 2458947.410220612 103.89919680543244 13.065861600916833 1.0 5.0 0.0 929674126.2403738 958885123.8443912 929066556.3390832 960415954.4376302
58946.909828915 2458947.411516916 105.7658616034314 14.932526398915797 1.0 5.0 1.0 930600148.5786687 959835691.9188185 930066641.9221083 961384384.7888975
58946.911125215 2458947.4128132244 107.6325336098671 16.79919840535149 1.0 5.0 0.0 929837909.9537694 959033195.9537938 929233961.8888177 960578939.8217789
58946.91242151 2458947.414109527 109.49919840786606 18.665863203350455 1.0 5.0 1.0 930729640.0130064 959974749.9727802 930311199.0106956 961629808.579597
58946.913717805 2458947.415405829 111.36586320586503 20.53252800134942 1.0 5.0 0.0 929921551.3366967 959128166.1148846 929293180.2497973 960638836.274353
58946.915014105 2458947.4167021345 113.23253520182334 22.399199997307733 1.0 5.0 1.0 930816694.6528807 960063993.2693417 930294663.431282 961617794.1087518
58946.9163104 2458947.417998434 115.09920001029968 24.265864805784076 1.0 5.0 0.0 929976461.7967288 959170104.3887835 929358198.2079027 960702183.4370568
58946.917606695 2458947.419294733 116.96586480829865 26.13252960378304 1.0 5.0 1.0 930794870.8820939 960035692.7734889 930272281.483046 961582540.8704532
58946.91890299 2458947.4205910307 118.83252960629761 27.999194401782006 1.0 5.0 0.0 930102437.1305484 959282482.9535515 929481457.4442527 960815592.996223
58946.920199285 2458947.421887327 120.69919440429658 29.86585919978097 1.0 5.0 1.0 930817366.4037509 960060861.3626058 930299840.8558359 961607062.2554607
58946.921495585004 2458947.4231836274 122.56586641073227 31.732531206216663 1.0 5.0 0.0 930100293.0918825 959298759.0044386 929486362.2939978 960823188.8805571
58946.92279188 2458947.4244799227 124.43253120873123 33.59919600421563 1.0 5.0 1.0 930834103.2574432 960076562.9111414 930327801.8805428 961639221.5185833
58946.924088175 2458947.425776216 126.2991960067302 35.46586080221459 1.0 5.0 0.0 930079596.7891393 959270770.5996184 929471833.4578613 960810983.6154299
58946.925384475 2458947.427072514 128.1658680026885 37.332532798172906 1.0 5.0 1.0 930881454.4090881 960095323.1408741 930351964.2479398 961659777.5927886
58946.926680770004 2458947.428368806 130.03253281116486 39.19919760664925 1.0 5.0 0.0 930022286.5529786 959200055.6968075 929416184.5814278 960757050.8817403
58946.927977065 2458947.4296650975 131.89919760916382 41.065862404648215 1.0 5.0 1.0 930866142.7259605 960103623.8120906 930332205.2157396 961643898.099092
58946.92927336 2458947.4309613886 133.76586240716279 42.93252720264718 1.0 5.0 0.0 929937320.0562475 959128173.1121852 929311515.4029669 960653265.3439124
58946.930569660006 2458947.432257684 135.63253441359848 44.79919920908287 1.0 5.0 1.0 930612021.8406928 959841799.5554936 930090797.0249592 961414357.6560105
58946.931865955004 2458947.4335539737 137.49919921159744 46.66586400708184 1.0 5.0 0.0 929855461.7361541 959035653.1708034 929248336.9878813 960598748.6036615
58946.93316225 2458947.434850264 139.3658640095964 48.5325288050808 1.0 5.0 1.0 930812396.1733642 960048101.7222426 930277424.932801 961587361.7057186
58946.966831325 2458947.4685194087 187.84933200571686 1.865872791968286 1.0 6.0 0.0 927710503.6893362 956912512.5689721 927065126.9561307 958472726.0904021
58946.96812762 2458947.4698157148 189.71599680371583 3.732537589967251 1.0 6.0 1.0 929055799.6842529 958306925.774975 928560807.0977926 959891197.3399024
58946.96942392 2458947.471112026 191.58266881015152 5.599209596402943 1.0 6.0 0.0 928434415.5343406 957630912.8141949 927808190.7168632 959162786.4452317
58946.970720215 2458947.472408332 193.44933360815048 7.465874394401908 1.0 6.0 1.0 929428773.277933 958679169.8826754 928914099.1902683 960242169.082521
58946.97201651 2458947.473704638 195.31599840614945 9.332539192400873 1.0 6.0 0.0 928731663.3363746 957942531.4858507 928117548.2410717 959466945.5542704
58946.973312805 2458947.475000943 197.1826632041484 11.199203990399837 1.0 6.0 1.0 929652503.1542733 958913497.5721209 929139167.8652401 960466024.606815
58946.9746091 2458947.4762972477 199.04932800214738 13.065868788398802 1.0 6.0 0.0 929043234.6984224 958223741.3762801 928438699.7210808 959787547.7945621
58946.9759054 2458947.477593557 200.91600000858307 14.932540794834495 1.0 6.0 1.0 929766711.4637516 959005084.3081648 929262204.2966733 960580404.2867244
58946.977201695 2458947.4788898607 202.78266480658203 16.79920559283346 1.0 6.0 0.0 929084663.7455561 958284497.8516301 928476541.1845186 959822944.0053997
58946.97849799 2458947.480186163 204.649329604581 18.665870390832424 1.0 6.0 1.0 929856366.4001446 959097728.3511405 929355383.9602468 960673439.6824896
58946.979794290004 2458947.4814824695 206.5160016110167 20.532542397268116 1.0 6.0 0.0 929078374.1242242 958278326.774298 928455588.1842892 959798965.8164873
58946.981090585 2458947.48277877 208.38266640901566 22.39920719526708 1.0 6.0 1.0 929904531.3264017 959145682.3996421 929388512.2470562 960709628.7721982
58946.98238688 2458947.48407507 210.24933120701462 24.265871993266046 1.0 6.0 0.0 929194890.1950569 958382721.3405335 928564758.7339702 959906763.4937947
58946.983683175 2458947.4853713685 212.11599600501359 26.13253679126501 1.0 6.0 1.0 929972038.5736798 959170344.9007337 929450457.6534061 960679286.6394839
58946.984979475004 2458947.4866676712 213.98266801144928 27.999208797700703 1.0 6.0 0.0 929199066.3280826 958401728.8921592 928608128.2432594 959946502.4346502
58946.98627577 2458947.4879639675 215.84933280944824 29.865873595699668 1.0 6.0 1.0 930062679.9296284 959308741.9019519 929554030.4022555 960868817.6236447
58946.987572065 2458947.4892602633 217.7159976074472 31.732538393698633 1.0 6.0 0.0 929262728.1844611 958442424.128648 928627557.4972943 959960898.4237945
58946.98886836 2458947.490556558 219.58266240544617 33.5992031916976 1.0 6.0 1.0 930107586.9113684 959342677.8387907 929579549.1008744 960889463.3979474
58946.990164660005 2458947.4918528567 221.44933441188186 35.46587519813329 1.0 6.0 0.0 929370479.7896035 958555321.661891 928757785.9509684 960092022.0110743
58946.991460955 2458947.4931491497 223.31599920988083 37.332539996132255 1.0 6.0 1.0 930283838.1520008 959527607.9741966 929760015.7280504 961069950.82616
58946.99275725 2458947.4944454418 225.1826640078798 39.19920479413122 1.0 6.0 0.0 929856168.1905639 959044635.3780019 929229949.8003514 960568065.4255941
58946.994053545 2458947.4957417333 227.04932880587876 41.065869592130184 1.0 6.0 1.0 930584479.7872796 959827256.5789582 930044402.05461 961360735.6665593
58946.995349845005 2458947.497038029 228.91600081231445 42.93254159856588 1.0 6.0 0.0 929828414.4628587 959005285.6674073 929230130.2905405 960569255.4464769
58946.99664614 2458947.4983343193 230.78266561031342 44.79920639656484 1.0 6.0 1.0 930515330.9895619 959747391.0845288 930022980.2005919 961341194.3459176
58946.997942435 2458947.49963061 232.64933040831238 46.665871194563806 1.0 6.0 0.0 929685278.797743 958854792.3991547 929057563.5886275 960402190.0780332
58946.99923873 2458947.5009268997 234.51599520631135 48.53253599256277 1.0 6.0 1.0 930572873.0070586 959814868.1312742 930080965.7976309 961397004.535969
58947.03290762 2458947.5345958583 282.99919680459425 1.8658656044863164 1.0 7.0 0.0 928191087.4109094 957411485.2818024 927537466.9611785 958943394.7528437
58947.034203920004 2458947.5358921695 284.86586881102994 3.7325376109220088 1.0 7.0 1.0 929511322.6179528 958758898.6552943 928985370.7843571 960318607.0996124
58947.035500215 2458947.5371884755 286.7325336090289 5.5992024089209735 1.0 7.0 0.0 928929086.0177456 958126664.9448754 928281414.5530937 959641284.4305782
58947.03679651 2458947.538484782 288.59919840702787 7.465867206919938 1.0 7.0 1.0 929878615.9324973 959115290.6904224 929376940.7745069 960705684.3995204
58947.038092805 2458947.5397810875 290.46586320502684 9.332532004918903 1.0 7.0 0.0 929177908.1979036 958386774.849131 928569399.260943 959920795.8068514
58947.0393891 2458947.5410773926 292.3325280030258 11.199196802917868 1.0 7.0 1.0 930040672.6031374 959299860.3559852 929537763.672653 960861709.9848307
58947.0406854 2458947.542373702 294.1992000094615 13.06586880935356 1.0 7.0 0.0 929404561.2411308 958624612.8715965 928796397.412029 960147271.7661227
58947.041981695 2458947.5436700066 296.06586480746046 14.932533607352525 1.0 7.0 1.0 930261134.2570889 959524078.4479251 929729487.608202 961056530.9309845
58947.04327799 2458947.5449663093 297.9325296054594 16.79919840535149 1.0 7.0 0.0 929475782.0879754 958682344.8464081 928985222.5631216 960334705.9092361
58947.044574290005 2458947.5462626168 299.7992016118951 18.665870411787182 1.0 7.0 1.0 930384790.5769644 959641702.6570971 929896665.9809701 961222335.228867
58947.045870585 2458947.5475589186 301.6658664098941 20.532535209786147 1.0 7.0 0.0 929522631.1577327 958722781.6853535 928883453.6263986 960229805.4618332
58947.04716688 2458947.5488552195 303.53253120789304 22.39920000778511 1.0 7.0 1.0 930383872.5578634 959638259.0090737 929876965.1126511 961194869.3479846
58947.048463175 2458947.550151519 305.399196005892 24.265864805784076 1.0 7.0 0.0 929573306.3057697 958793887.7092667 928949496.0412514 960295777.7897863
58947.049759475005 2458947.5514478222 307.2658680123277 26.13253681221977 1.0 7.0 1.0 930391969.8158219 959650040.6081369 929882392.7128849 961204936.0408865
58947.05105577 2458947.55274412 309.13253281032667 27.999201610218734 1.0 7.0 0.0 929594638.8428438 958794391.5083723 928952993.1005607 960305924.8678753
58947.052352065 2458947.5540404166 310.99919760832563 29.8658664082177 1.0 7.0 1.0 930416161.3338497 959670618.916378 929891711.5305583 961212521.9015129
58947.05364836 2458947.5553367124 312.8658624063246 31.732531206216663 1.0 7.0 0.0 929639158.8690152 958828546.5071731 929015495.7212368 960360513.5102842
58947.054944660005 2458947.556633012 314.7325344127603 33.599203212652355 1.0 7.0 1.0 930456930.6453507 959700830.9986426 929926331.0166464 961234302.0426111
58947.056240955004 2458947.5579293054 316.59919921075925 35.46586801065132 1.0 7.0 0.0 929676136.5777435 958875545.1331792 929056729.8027122 960394357.4457431
58947.05753725 2458947.559225599 318.4658640087582 37.332532808650285 1.0 7.0 1.0 930428434.7445498 959658851.2417023 929899549.6263492 961211388.5494401
58947.058833545 2458947.560521891 320.3325288067572 39.19919760664925 1.0 7.0 0.0 929709183.1207051 958902206.2735317 929070595.1761725 960417195.1607842
58947.060129845006 2458947.5618181876 322.1992008131929 41.06586961308494 1.0 7.0 1.0 930441803.1017568 959670622.7670788 929916413.9219439 961231337.8556762
58947.061426140004 2458947.5631144783 324.06586561119184 42.93253441108391 1.0 7.0 0.0 929705348.198236 958918302.1164026 929079309.2639883 960426106.9783792
58947.062722435 2458947.564410769 325.9325304091908 44.79919920908287 1.0 7.0 1.0 930335250.1451784 959576780.0483834 929854935.2249568 961170487.0152767
