run/run_2021-08-21_02-00-29_L-98-59_Hubble15856_spec/extracted_lc/2021-08-21_02:01/lc_white.txt
# %ECSV 0.9
# ---
# datatype:
# - {name: t_mjd, datatype: float64}
# - {name: t_bjd, datatype: float64}
# - {name: t_visit, datatype: float64}
# - {name: t_orbit, datatype: float64}
# - {name: ivisit, datatype: float64}
# - {name: iorbit, datatype: float64}
# - {name: scan, datatype: float64}
# - {name: spec_opt, datatype: float64}
# - {name: var_opt, datatype: float64}
# - {name: spec_box, datatype: float64}
# - {name: var_box, datatype: float64}
# schema: astropy-2.0
t_mjd t_bjd t_visit t_orbit ivisit iorbit scan spec_opt var_opt spec_box var_box
[from data line 310]
59120.545806085 2459121.044924842 328.999204802094 46.66586399660446 2.0 11.0 0.0 929126316.0117922 958299782.8196366 928501549.3457023 959862537.674371
59120.547102380006 2459121.0462211194 330.86586961057037 48.5325288050808 2.0 11.0 1.0 929932805.3977704 959146132.0446923 929393702.3678154 960733809.73426
59178.899314755 2459179.3987022704 1.8658655940089375 1.8658655940089375 3.0 12.0 0.0 919364593.1191308 948530380.240412 918702370.7551184 950065691.6590465
59178.900611054996 2459179.399998604 3.732537589967251 3.732537589967251 3.0 12.0 1.0 923296017.0417806 952561034.5875571 922782184.5785768 954177715.0350039
59178.901907349995 2459179.401294932 5.599202387966216 5.599202387966216 3.0 12.0 0.0 923161462.6536839 952330667.9900832 922563404.6274582 953885029.4378017
59178.903203645 2459179.4025912588 7.465867196442559 7.465867196442559 3.0 12.0 1.0 925609000.5548948 954863897.2599517 925090142.2892478 956485110.2468196
59178.90449994 2459179.4038875857 9.332531994441524 9.332531994441524 3.0 12.0 0.0 925166292.0849985 954346288.3524785 924564503.1990032 955892205.5963829
59178.905796235 2459179.405183911 11.199196792440489 11.199196792440489 3.0 12.0 1.0 927062942.4051918 956337523.4200289 926549851.9254674 957953055.110144
59178.907092535 2459179.4064802397 13.065868798876181 13.065868798876181 3.0 12.0 0.0 926298866.6595352 955484462.2912322 925684855.8364984 957020138.8680559
59178.90838883 2459179.407776562 14.932533596875146 14.932533596875146 3.0 12.0 1.0 927970071.8659966 957259590.3138363 927442169.9356208 958853107.7295053
59178.909685125 2459179.4090728834 16.79919839487411 16.79919839487411 3.0 12.0 0.0 927125088.2377489 956315020.812294 926516759.6492412 957851150.6712501
59178.910981425 2459179.410369208 18.665870390832424 18.665870390832424 3.0 12.0 1.0 928527926.0953549 957811881.8226469 928057692.1489179 959468810.7447445
59178.912277719995 2459179.4116655253 20.53253518883139 20.53253518883139 3.0 12.0 0.0 927694946.27604 956866381.420877 927067803.103441 958401272.7977183
59178.913574015 2459179.412961841 22.399199997307733 22.399199997307733 3.0 12.0 1.0 928870938.3958306 958100308.8883338 928361541.5613803 959678280.0777583
59178.91487031 2459179.4142581555 24.265864795306697 24.265864795306697 3.0 12.0 0.0 928066843.3808954 957242486.7982992 927484963.7807631 958816540.3901813
59178.91616661 2459179.4155544727 26.13253679126501 26.13253679126501 3.0 12.0 1.0 929256403.5657191 958532294.7697232 928764534.8030992 960173460.5290362
59178.917462904996 2459179.4168507834 27.999201589263976 27.999201589263976 3.0 12.0 0.0 928461072.7352307 957630835.8795576 927834860.0500406 959170437.7551827
59178.918759199994 2459179.418147092 29.86586638726294 29.86586638726294 3.0 12.0 1.0 929481350.2515552 958753560.9214002 928966572.7242401 960376337.9665325
59178.920055495 2459179.4194433996 31.732531195739284 31.732531195739284 3.0 12.0 0.0 928526485.5680828 957705925.584173 927931991.5173403 959268948.158772
59178.921351795 2459179.420739711 33.5992031916976 33.5992031916976 3.0 12.0 1.0 929620880.375896 958898681.587409 929104197.9454491 960515358.1295905
59178.922648089996 2459179.422036015 35.46586798969656 35.46586798969656 3.0 12.0 0.0 928739602.0150111 957919130.753865 928108689.547412 959447908.3745681
59178.923944385 2459179.423332318 37.332532798172906 37.332532798172906 3.0 12.0 1.0 929818323.5292826 959097215.2201684 929322752.1570203 960738107.6785679
59178.925240685 2459179.4246286256 39.19920479413122 39.19920479413122 3.0 12.0 0.0 928832377.9941797 958025635.176245 928211243.5401344 959551648.4810047
59178.92653698 2459179.425924927 41.065869592130184 41.065869592130184 3.0 12.0 1.0 929844066.2748525 959128749.5591006 929343008.2640085 960757654.0446258
59178.927833275 2459179.427221228 42.93253439012915 42.93253439012915 3.0 12.0 0.0 928992057.6302242 958183841.8609469 928359465.2805791 959711205.5626915
59178.929129569995 2459179.428517528 44.799199188128114 44.799199188128114 3.0 12.0 1.0 929864614.0781741 959145817.1662815 929346277.6768711 960774646.8165991
59178.96190735 2459179.4612957714 91.99920239509083 1.865872802445665 3.0 13.0 0.0 927046453.9923525 956231323.9436536 926401572.0827897 957778354.2194688
59178.963203645 2459179.4625921003 93.8658671930898 3.73253760044463 3.0 13.0 1.0 928610797.5014176 957872768.4624017 928102899.5842261 959509833.5000757
59178.964499940004 2459179.4638884296 95.73253200156614 5.5992024089209735 3.0 13.0 0.0 927942284.7878578 957097517.3679186 927302827.8995644 958633677.2333406
59178.965796235 2459179.4651847584 97.5991967995651 7.465867206919938 3.0 13.0 1.0 929043699.040967 958254307.7939858 928522050.156996 959833599.6799979
59178.967092535 2459179.466481092 99.46586879552342 9.332539202878252 3.0 13.0 0.0 928289983.9391501 957467666.0500832 927655389.4021873 958987866.7817516
59178.96838883 2459179.46777742 101.33253359352238 11.199204000877216 3.0 13.0 1.0 929321434.18044 958582214.8813252 928808610.1744657 960214501.2495704
59178.969685125 2459179.4690737473 103.19919839152135 13.065868798876181 3.0 13.0 0.0 928490549.4149516 957668429.4359279 927857087.5883001 959194676.6121233
59178.970981425 2459179.4703700785 105.06587039795704 14.932540805311874 3.0 13.0 1.0 929567646.0943308 958837041.6117266 929048057.665377 960456905.6865773
59178.97227772 2459179.4716664036 106.932535195956 16.79920560331084 3.0 13.0 0.0 928661118.5084965 957848519.0630755 928027321.7961338 959365978.8750185
59178.973574015 2459179.4729627273 108.79919999395497 18.665870401309803 3.0 13.0 1.0 929714139.3610822 958994539.3064083 929195271.2626896 960608585.844019
59178.974870310005 2459179.4742590496 110.66586480243132 20.532535209786147 3.0 13.0 0.0 928833561.4524791 958016796.126559 928245578.5450984 959585489.1796091
59178.976166609995 2459179.475555375 112.53253678791225 22.39920719526708 3.0 13.0 1.0 929837499.7220964 959124710.6597791 929335600.8187172 960750131.1174337
59178.977462905 2459179.4768516943 114.3992015963886 24.265872003743425 3.0 13.0 0.0 928874851.7603844 958061896.075048 928262083.0711637 959608973.629987
59178.9787592 2459179.478148011 116.26586639438756 26.13253680174239 3.0 13.0 1.0 929810123.7643998 959091731.9555395 929288811.0860505 960704829.8510251
59178.980055495 2459179.479444327 118.13253119238652 27.999201599741355 3.0 13.0 0.0 928937006.1575556 958101751.5385325 928311822.2357874 959653769.4212885
59178.981351795 2459179.4807406454 119.99920319882222 29.865873606177047 3.0 13.0 1.0 929782064.238038 959065510.5720733 929288286.5284781 960703389.1687576
59178.98264809 2459179.4820369575 121.86586799682118 31.73253840417601 3.0 13.0 0.0 928897669.8186643 958090273.4322934 928282635.6778966 959628315.2929296
59178.983944385 2459179.4833332673 123.73253279482014 33.59920320217498 3.0 13.0 1.0 929933889.5085785 959207999.0807447 929408290.3702326 960823148.3892361
59178.985240685 2459179.4846295808 125.59920479077846 35.46587519813329 3.0 13.0 0.0 928919030.595638 958099630.3993092 928297907.924746 959639149.0162942
59178.986536979995 2459179.485925888 127.46586958877742 37.332539996132255 3.0 13.0 1.0 929861372.1444659 959141942.5951145 929343335.8225768 960755442.5382221
59178.987833275 2459179.4872221933 129.33253439725377 39.1992048046086 3.0 13.0 0.0 928927050.9509137 958111429.264852 928312723.2628888 959655260.8299906
59178.98912957 2459179.4885184974 131.19919919525273 41.06586960260756 3.0 13.0 1.0 929816476.7027622 959094198.6621091 929325474.1800747 960737988.3271223
59178.990425865 2459179.4898148007 133.0658639932517 42.93253440060653 3.0 13.0 0.0 929011326.9063199 958196393.956139 928411382.0826337 959759632.6754748
59178.991722164996 2459179.4911111076 134.93253598921 44.79920639656484 3.0 13.0 1.0 929846560.2110617 959117681.3083763 929361607.74823 960776058.2144473
59178.993018459994 2459179.4924074085 136.79920078720897 46.665871194563806 3.0 13.0 0.0 928997821.9482427 958180731.8408849 928368864.4491054 959718657.8746485
59178.994314755 2459179.493703709 138.66586559568532 48.53253600304015 3.0 13.0 1.0 929807059.8584483 959086025.4985619 929299346.0398965 960721688.760478
59179.028087905 2459179.527477328 187.29920159094036 1.865872791968286 3.0 14.0 0.0 926502009.2239778 955663376.3513478 925848492.1899347 957224528.9153327
59179.029384199996 2459179.528773657 189.16586638893932 3.732537589967251 3.0 14.0 1.0 928055987.2124602 957325784.5102792 927536331.5731158 958938625.3326805
59179.030680494994 2459179.5300699864 191.0325311869383 5.599202387966216 3.0 14.0 0.0 927361171.4694388 956535941.3879826 926751505.7200284 958084418.218318
59179.031976795 2459179.5313663203 192.89920319337398 7.465874394401908 3.0 14.0 1.0 928425836.019475 957696741.1760045 927905720.2302562 959304401.0918815
59179.03327309 2459179.532662649 194.76586799137294 9.332539192400873 3.0 14.0 0.0 927588590.0428557 956766664.4591868 926947853.0807498 958276608.0433913
59179.034569384996 2459179.533958977 196.6325327893719 11.199203990399837 3.0 14.0 1.0 928623870.2286978 957890817.1227133 928098158.4993507 959497726.2140133
59179.035865679994 2459179.5352553045 198.49919758737087 13.065868788398802 3.0 14.0 0.0 927770154.334409 956936932.7656982 927146327.0818307 958476544.5072365
59179.03716198 2459179.5365516357 200.36586959380656 14.932540794834495 3.0 14.0 1.0 928756113.4903936 958029694.4177641 928233587.4475306 959646127.5783134
59179.038458275 2459179.537847961 202.23253439180553 16.79920559283346 3.0 14.0 0.0 927891785.2457674 957061701.5096382 927260051.9837987 958597075.98527
59179.039754569996 2459179.5391442846 204.0991991898045 18.665870390832424 3.0 14.0 1.0 928864150.0925629 958129431.0460212 928340346.3736756 959751694.759264
59179.04105087 2459179.5404406115 205.9658711962402 20.532542397268116 3.0 14.0 0.0 927941477.4035413 957133571.653838 927304795.5184484 958648758.3527716
59179.042347165 2459179.541736932 207.83253599423915 22.39920719526708 3.0 14.0 1.0 928860663.1329541 958137672.4056022 928374739.883492 959786803.9858174
59179.04364346 2459179.5430332515 209.69920079223812 24.265871993266046 3.0 14.0 0.0 927944461.5845294 957121845.4212129 927321894.6594819 958658467.5792351
59179.044939755 2459179.5443295687 211.56586559023708 26.13253679126501 3.0 14.0 1.0 928928372.9276332 958196933.4864882 928417986.332264 959829227.2228869
59179.046236049995 2459179.545625884 213.43253038823605 27.999201589263976 3.0 14.0 0.0 928004847.6525702 957169083.9786178 927374290.1317005 958713902.4872684
59179.04753235 2459179.5469222027 215.29920239467174 29.865873595699668 3.0 14.0 1.0 928919883.1710991 958193781.8672533 928394385.0191343 959810636.0788074
59179.048828645 2459179.548218515 217.1658671926707 31.732538393698633 3.0 14.0 0.0 928050282.5181253 957224109.1784263 927422767.1191808 958761921.0504637
59179.05012494 2459179.5495148245 219.03253199066967 33.5992031916976 3.0 14.0 1.0 928897683.3505306 958174825.5827826 928394619.8631935 959808403.9338688
59179.05142124 2459179.550811138 220.89920399710536 35.46587519813329 3.0 14.0 0.0 928092409.0673525 957272451.7867248 927483359.3475696 958825602.4320133
59179.052717535 2459179.5521074445 222.76586879510432 37.332539996132255 3.0 14.0 1.0 928930062.490711 958207715.7779619 928405157.4561784 959821293.8675736
59179.05401383 2459179.5534037505 224.6325335931033 39.19920479413122 3.0 14.0 0.0 928113162.20748 957296103.3200284 927505699.9201484 958849323.484945
59179.055310125 2459179.554700054 226.49919839110225 41.065869592130184 3.0 14.0 1.0 929080598.9137911 958357484.333858 928845482.006911 960258850.7890834
59179.056606425 2459179.555996362 228.36587039753795 42.93254159856588 3.0 14.0 0.0 928118967.7358005 957299506.2924255 927489644.5128267 958833540.501627
59179.05790272 2459179.557292664 230.2325351955369 44.79920639656484 3.0 14.0 1.0 929006443.9309521 958282173.9531822 928500340.843765 959922384.9611793
59179.059199015 2459179.5585889653 232.09919999353588 46.665871194563806 3.0 14.0 0.0 928103191.7278605 957272134.6627735 927493105.690633 958843033.9195907
59179.06049531 2459179.559885266 233.96586479153484 48.53253599256277 3.0 14.0 1.0 929009724.4215977 958295081.0333015 928482802.7848114 959909844.0708152
59179.09426846 2459179.5936588855 282.59920079726726 1.865872802445665 3.0 15.0 0.0 926829371.7415397 955989984.3506124 926178443.0739121 957557925.6510353
59179.095564755 2459179.594955215 284.4658655952662 3.73253760044463 3.0 15.0 1.0 928403309.4805255 957656938.0940338 927891377.1295179 959295187.9715979
59179.096861055004 2459179.5962515497 286.3325376017019 5.599209606880322 3.0 15.0 0.0 927636418.9643326 956792798.8578264 927013307.0572145 958342343.4222479
59179.09815735 2459179.5975478785 288.1992023997009 7.465874404879287 3.0 15.0 1.0 928769348.6854978 958019505.2565671 928251419.9923226 959656213.0547326
59179.099453645 2459179.5988442074 290.06586719769984 9.332539202878252 3.0 15.0 0.0 927946860.5525578 957126577.7027433 927349920.4288559 958679007.1584809
59179.10074994 2459179.6001405357 291.9325319956988 11.199204000877216 3.0 15.0 1.0 928971356.8169689 958227836.7856262 928444240.7748533 959849571.9057658
59179.102046235 2459179.6014368627 293.7991967936978 13.065868798876181 3.0 15.0 0.0 928112120.1118362 957282919.0983944 927481749.4280167 958814871.2881646
59179.103342535 2459179.6027331944 295.66586880013347 14.932540805311874 3.0 15.0 1.0 929108771.8733671 958383198.4965483 928604293.1930361 960011164.7860501
59179.10463883 2459179.604029519 297.53253359813243 16.79920560331084 3.0 15.0 0.0 928312256.0496292 957529004.8437293 927702944.1984828 959132296.2249727
59179.105935125 2459179.605325843 299.3991983961314 18.665870401309803 3.0 15.0 1.0 929153513.9952374 958426105.8165746 928622487.3242537 960035862.2614882
59179.107231425 2459179.6066221707 301.2658703920897 20.532542397268116 3.0 15.0 0.0 928317777.9244757 957501638.3865451 927695548.2545636 959033304.4898611
59179.10852772 2459179.607918491 303.13253520056605 22.39920720574446 3.0 15.0 1.0 929176764.5610628 958445752.6998804 928660221.234853 960071416.9305449
59179.109824015 2459179.6092148097 304.999199998565 24.265872003743425 3.0 15.0 0.0 928420838.7125708 957588863.0109444 927788416.2624975 959129748.557614
59179.11112031 2459179.6105111274 306.865864796564 26.13253680174239 3.0 15.0 1.0 929295111.7706168 958573184.548012 928770202.0685117 960184709.0396931
59179.112416610005 2459179.611807448 308.7325368029997 27.999208808178082 3.0 15.0 0.0 928380940.1208235 957562469.2530724 927784365.2184099 959121042.7770978
59179.113712905004 2459179.613103761 310.59920160099864 29.865873606177047 3.0 15.0 1.0 929311856.9657035 958590612.5959148 928787382.1939529 960203846.4584017
59179.1150092 2459179.614400073 312.4658663989976 31.73253840417601 3.0 15.0 0.0 928506092.1428931 957674961.1030504 927926245.8780441 959262525.2096758
59179.116305495 2459179.615696383 314.33253119699657 33.59920320217498 3.0 15.0 1.0 929275416.4849315 958547956.0984904 928750737.5749186 960163464.320248
59179.117601795 2459179.6169926967 316.1992031929549 35.46587519813329 3.0 15.0 0.0 928460136.185245 957636919.0552437 927834822.8864338 959174504.419338
59179.118898090004 2459179.618289003 318.0658680014312 37.332540006609634 3.0 15.0 1.0 929366612.5115703 958642199.7130928 928909708.5808387 960328475.8865858
59179.120194385 2459179.6195853082 319.9325327994302 39.1992048046086 3.0 15.0 0.0 928473197.1617804 957668461.9526117 927892812.9234357 959239026.9246879
59179.121490685 2459179.620881617 321.7992047953885 41.06587680056691 3.0 15.0 1.0 929379508.109498 958650070.9257789 928870986.1784029 960287309.9385071
59179.12278698 2459179.6221779203 323.66586959338747 42.93254159856588 3.0 15.0 0.0 928429084.1149409 957613616.4780715 927818962.151089 959160956.4090164
