run/run_2021-08-21_02-00-29_L-98-59_Hubble15856_spec/extracted_sp/bins6_2021-08-24_17-36-08/speclc1.177.txt
# %ECSV 0.9
# ---
# datatype:
# - {name: t_mjd, datatype: float64}
# - {name: t_bjd, datatype: float64}
# - {name: t_visit, datatype: float64}
# - {name: t_orbit, datatype: float64}
# - {name: ivisit, datatype: float64}
# - {name: iorbit, datatype: float64}
# - {name: scan, datatype: float64}
# - {name: spec_opt, datatype: float64}
# - {name: var_opt, datatype: float64}
# - {name: wave, datatype: float64}
# schema: astropy-2.0
t_mjd t_bjd t_visit t_orbit ivisit iorbit scan spec_opt var_opt wave
[from data line 377]
59179.04753235 2459179.5469222027 215.29920239467174 29.865873595699668 3.0 14.0 1.0 6675538.108789795 298363.180105142 1.1775
59179.048828645 2459179.548218515 217.1658671926707 31.732538393698633 3.0 14.0 0.0 6674361.848083406 298289.01640890667 1.1775
59179.05012494 2459179.5495148245 219.03253199066967 33.5992031916976 3.0 14.0 1.0 6675418.394569166 298357.87894449715 1.1775
59179.05142124 2459179.550811138 220.89920399710536 35.46587519813329 3.0 14.0 0.0 6674700.153219541 298302.7897602661 1.1775
59179.052717535 2459179.5521074445 222.76586879510432 37.332539996132255 3.0 14.0 1.0 6675777.123282114 298373.80677273613 1.1775
59179.05401383 2459179.5534037505 224.6325335931033 39.19920479413122 3.0 14.0 0.0 6675397.973358168 298333.49213898706 1.1775
59179.055310125 2459179.554700054 226.49919839110225 41.065869592130184 3.0 14.0 1.0 6677601.817566633 298452.11329601234 1.1775
59179.056606425 2459179.555996362 228.36587039753795 42.93254159856588 3.0 14.0 0.0 6675245.511993673 298327.17037526506 1.1775
59179.05790272 2459179.557292664 230.2325351955369 44.79920639656484 3.0 14.0 1.0 6677852.563854747 298466.7372334572 1.1775
59179.059199015 2459179.5585889653 232.09919999353588 46.665871194563806 3.0 14.0 0.0 6674184.346283224 298282.11804498703 1.1775
59179.06049531 2459179.559885266 233.96586479153484 48.53253599256277 3.0 14.0 1.0 6677194.496193637 298438.5926844833 1.1775
59179.09426846 2459179.5936588855 282.59920079726726 1.865872802445665 3.0 15.0 0.0 6666103.755461088 297927.2140241827 1.1775
59179.095564755 2459179.594955215 284.4658655952662 3.73253760044463 3.0 15.0 1.0 6673557.77192866 298275.5737166927 1.1775
59179.096861055004 2459179.5962515497 286.3325376017019 5.599209606880322 3.0 15.0 0.0 6671926.529908241 298180.29398994014 1.1775
59179.09815735 2459179.5975478785 288.1992023997009 7.465874404879287 3.0 15.0 1.0 6675428.216535076 298356.5554717312 1.1775
59179.099453645 2459179.5988442074 290.06586719769984 9.332539202878252 3.0 15.0 0.0 6674138.060161423 298281.1854701462 1.1775
59179.10074994 2459179.6001405357 291.9325319956988 11.199204000877216 3.0 15.0 1.0 6677308.9472354585 298439.170388474 1.1775
59179.102046235 2459179.6014368627 293.7991967936978 13.065868798876181 3.0 15.0 0.0 6674603.885208993 298297.57580953225 1.1775
59179.103342535 2459179.6027331944 295.66586880013347 14.932540805311874 3.0 15.0 1.0 6677908.314245019 298465.87329312385 1.1775
59179.10463883 2459179.604029519 297.53253359813243 16.79920560331084 3.0 15.0 0.0 6675176.671460286 298332.70741065196 1.1775
59179.105935125 2459179.605325843 299.3991983961314 18.665870401309803 3.0 15.0 1.0 6678111.800331507 298472.95639231626 1.1775
59179.107231425 2459179.6066221707 301.2658703920897 20.532542397268116 3.0 15.0 0.0 6675880.345008977 298353.4383287214 1.1775
59179.10852772 2459179.607918491 303.13253520056605 22.39920720574446 3.0 15.0 1.0 6678128.108852035 298473.94855328824 1.1775
59179.109824015 2459179.6092148097 304.999199998565 24.265872003743425 3.0 15.0 0.0 6676734.573440537 298391.41969026084 1.1775
59179.11112031 2459179.6105111274 306.865864796564 26.13253680174239 3.0 15.0 1.0 6680021.611125668 298557.8667461092 1.1775
59179.112416610005 2459179.611807448 308.7325368029997 27.999208808178082 3.0 15.0 0.0 6676768.219117905 298393.9047488676 1.1775
59179.113712905004 2459179.613103761 310.59920160099864 29.865873606177047 3.0 15.0 1.0 6679191.613341563 298522.0809925805 1.1775
59179.1150092 2459179.614400073 312.4658663989976 31.73253840417601 3.0 15.0 0.0 6677415.630366682 298420.7470291631 1.1775
59179.116305495 2459179.615696383 314.33253119699657 33.59920320217498 3.0 15.0 1.0 6679027.193935151 298515.79576592206 1.1775
59179.117601795 2459179.6169926967 316.1992031929549 35.46587519813329 3.0 15.0 0.0 6676651.255829022 298386.4405949477 1.1775
59179.118898090004 2459179.618289003 318.0658680014312 37.332540006609634 3.0 15.0 1.0 6679959.131191011 298554.50654983363 1.1775
59179.120194385 2459179.6195853082 319.9325327994302 39.1992048046086 3.0 15.0 0.0 6677368.34933551 298419.38000544976 1.1775
59179.121490685 2459179.620881617 321.7992047953885 41.06587680056691 3.0 15.0 1.0 6680081.1135654915 298562.79948951874 1.1775
59179.12278698 2459179.6221779203 323.66586959338747 42.93254159856588 3.0 15.0 0.0 6676830.753391664 298395.7501237535 1.1775
59179.124083275 2459179.623474222 325.53253439138643 44.79920639656484 3.0 15.0 1.0 6679188.211989147 298523.60238275066 1.1775
59179.12537957 2459179.624770523 327.3991991998628 46.665871205041185 3.0 15.0 0.0 6677431.0969615085 298423.65390398056 1.1775
59179.126675865 2459179.6260668235 329.26586399786174 48.53253600304015 3.0 15.0 1.0 6680509.2568094265 298583.3916381442 1.1775
59269.031274124995 2459269.53252416 1.8661391898058355 1.8661391898058355 4.0 16.0 0.0 6622540.555486799 296025.9084895654 1.1775
59269.03257042 2459269.5338204913 3.7328039982821792 3.7328039982821792 4.0 16.0 1.0 6644583.514023184 297007.7074043145 1.1775
59269.033866715006 2459269.535116822 5.599468806758523 5.599468806758523 4.0 16.0 0.0 6646983.6625254005 297093.4614951631 1.1775
59269.035163010005 2459269.536413152 7.466133604757488 7.466133604757488 4.0 16.0 1.0 6659709.184927319 297668.62354500574 1.1775
59269.036459309995 2459269.5377094857 9.332805590238422 9.332805590238422 4.0 16.0 0.0 6658400.895520716 297591.27623252285 1.1775
59269.03775560499 2459269.539005813 11.199470388237387 11.199470388237387 4.0 16.0 1.0 6667727.19041342 298017.8061042028 1.1775
59269.0390519 2459269.54030214 13.06613519671373 13.06613519671373 4.0 16.0 0.0 6665914.417339333 297920.16434491315 1.1775
59269.040348195005 2459269.5415984653 14.932800005190074 14.932800005190074 4.0 16.0 1.0 6671415.38095503 298180.3880166705 1.1775
59269.041644494995 2459269.542894794 16.79947199067101 16.79947199067101 4.0 16.0 0.0 6670066.479189454 298101.906315136 1.1775
59269.04294079 2459269.544191116 18.666136799147353 18.666136799147353 4.0 16.0 1.0 6675446.071666869 298354.4089625039 1.1775
59269.04423708501 2459269.545487437 20.532801607623696 20.532801607623696 4.0 16.0 0.0 6673402.590993943 298245.25868788024 1.1775
59269.045533380006 2459269.5467837555 22.39946640562266 22.39946640562266 4.0 16.0 1.0 6678526.603746512 298488.434018683 1.1775
59269.046829679995 2459269.5480800774 24.266138391103595 24.266138391103595 4.0 16.0 0.0 6675384.081058725 298332.37925012957 1.1775
59269.048125789996 2459269.549376208 26.13253679126501 26.13253679126501 4.0 16.0 1.0 6680523.755265008 298573.653654522 1.1775
59269.049422085 2459269.5506725213 27.999201599741355 27.999201599741355 4.0 16.0 0.0 6677463.715128188 298420.1266386213 1.1775
59269.050718385 2459269.551968838 29.865873595699668 29.865873595699668 4.0 16.0 1.0 6680851.525441005 298586.72756686993 1.1775
59269.05201468 2459269.5532651492 31.732538393698633 31.732538393698633 4.0 16.0 0.0 6678565.389240481 298468.3129223059 1.1775
59269.053310974996 2459269.5545614576 33.5992031916976 33.5992031916976 4.0 16.0 1.0 6681498.372581396 298615.28232841083 1.1775
59269.054607269994 2459269.555857765 35.46586798969656 35.46586798969656 4.0 16.0 0.0 6680190.865522506 298536.60823909246 1.1775
59269.055903565 2459269.557154072 37.332532798172906 37.332532798172906 4.0 16.0 1.0 6682603.149745186 298662.98646576545 1.1775
59269.057199865 2459269.558450382 39.19920479413122 39.19920479413122 4.0 16.0 0.0 6680297.767019148 298542.9085828231 1.1775
59269.058496159996 2459269.559746687 41.065869592130184 41.065869592130184 4.0 16.0 1.0 6681970.124025906 298634.5951159836 1.1775
59269.059792455 2459269.5610429905 42.93253440060653 42.93253440060653 4.0 16.0 0.0 6680417.804691894 298548.9682133126 1.1775
59269.061088755 2459269.562339299 44.79920639656484 44.79920639656484 4.0 16.0 1.0 6682672.643538161 298667.1734108483 1.1775
59269.06238505 2459269.5636356026 46.665871194563806 46.665871194563806 4.0 16.0 0.0 6681018.739389847 298576.14749986294 1.1775
59269.063681345 2459269.5649319054 48.53253599256277 48.53253599256277 4.0 16.0 1.0 6681968.750644939 298636.51439411845 1.1775
59269.097373565004 2459269.5986247375 97.04933280358091 1.8658656044863164 4.0 17.0 0.0 6667865.0407688 298007.70497361344 1.1775
59269.098669865 2459269.5999210733 98.91600479953922 3.73253760044463 4.0 17.0 1.0 6674424.103924287 298304.89020161325 1.1775
59269.09996616 2459269.6012174035 100.78266959753819 5.599202398443595 4.0 17.0 0.0 6674525.484687682 298297.3594483767 1.1775
59269.101262455 2459269.6025137333 102.64933439553715 7.465867196442559 4.0 17.0 1.0 6676738.183343863 298414.11311855353 1.1775
59269.102558754996 2459269.6038100673 104.51600639149547 9.332539192400873 4.0 17.0 0.0 6675477.5074426355 298337.54544535966 1.1775
59269.103855049994 2459269.605106395 106.38267118949443 11.199203990399837 4.0 17.0 1.0 6679615.854366236 298536.37529179984 1.1775
59269.105151345 2459269.6064027217 108.24933599797077 13.065868798876181 4.0 17.0 0.0 6677204.570139518 298411.3585529633 1.1775
59269.10644764 2459269.607699047 110.11600079596974 14.932533596875146 4.0 17.0 1.0 6680685.961459429 298582.17837653396 1.1775
59269.107743935 2459269.6089953706 111.9826655939687 16.79919839487411 4.0 17.0 0.0 6678078.924618433 298449.1501846071 1.1775
59269.109040235 2459269.610291698 113.8493376004044 18.665870401309803 4.0 17.0 1.0 6680199.683510064 298561.0226272963 1.1775
59269.11033653 2459269.611588018 115.71600239840336 20.532535199308768 4.0 17.0 0.0 6679411.106012231 298507.06925612007 1.1775
59269.111632825 2459269.612884337 117.58266719640233 22.399199997307733 4.0 17.0 1.0 6682441.133833494 298660.3785618984 1.1775
59269.112929124996 2459269.614180659 119.44933919236064 24.265871993266046 4.0 17.0 0.0 6678671.332842347 298473.9657824662 1.1775
59269.114225419995 2459269.6154769748 121.3160039903596 26.13253679126501 4.0 17.0 1.0 6681286.0886460645 298608.9429202675 1.1775
59269.115521715 2459269.616773288 123.18266879883595 27.999201599741355 4.0 17.0 0.0 6679981.699398889 298530.14940200764 1.1775
59269.11681801 2459269.6180696 125.04933359683491 29.86586639774032 4.0 17.0 1.0 6682378.7008464765 298656.0556334065 1.1775
59269.11811431 2459269.619365915 126.91600559279323 31.732538393698633 4.0 17.0 0.0 6680446.8962627975 298551.1536285345 1.1775
59269.119410605 2459269.6206622245 128.78267040126957 33.59920320217498 4.0 17.0 1.0 6681903.68305175 298632.33818482835 1.1775
59269.1207069 2459269.6219585324 130.64933519926853 35.46586800017394 4.0 17.0 0.0 6679944.118198791 298528.0716664342 1.1775
59269.122003195 2459269.6232548384 132.5159999972675 37.332532798172906 4.0 17.0 1.0 6681436.996300314 298611.27370214695 1.1775
59269.123299495 2459269.624551149 134.3826719932258 39.19920479413122 4.0 17.0 0.0 6679818.731735837 298521.921676794 1.1775
59269.124595789996 2459269.6258474537 136.24933679122478 41.065869592130184 4.0 17.0 1.0 6681290.053116186 298607.2602503804 1.1775
59269.125892085 2459269.627143758 138.11600159970112 42.93253440060653 4.0 17.0 0.0 6679730.6919144085 298519.0015233293 1.1775
59269.127188385 2459269.6284400662 139.98267359565943 44.79920639656484 4.0 17.0 1.0 6681144.672116453 298599.8848893973 1.1775
59269.12848468 2459269.6297363695 141.8493383936584 46.665871194563806 4.0 17.0 0.0 6680140.530648449 298537.1738979973 1.1775
59269.129780974996 2459269.6310326727 143.71600319165736 48.53253599256277 4.0 17.0 1.0 6682590.165032882 298664.08744156535 1.1775
59269.163473010005 2459269.664725318 192.23253360483795 1.8658656044863164 4.0 18.0 0.0 6662933.3886363115 297790.1406070349 1.1775
59269.164769309995 2459269.666021654 194.0992055903189 3.732537589967251 4.0 18.0 1.0 6668462.11246883 298033.9485958318 1.1775
59269.16606560499 2459269.667317984 195.96587038831785 5.599202387966216 4.0 18.0 0.0 6667399.740136359 297985.23704068235 1.1775
59269.1673619 2459269.668614314 197.8325351967942 7.465867196442559 4.0 18.0 1.0 6672028.843714797 298197.69068702677 1.1775
59269.168658195005 2459269.669910643 199.69920000527054 9.332532004918903 4.0 18.0 0.0 6669867.5746953 298092.46606737736 1.1775
59269.169954494995 2459269.6712069754 201.56587199075148 11.199203990399837 4.0 18.0 1.0 6672876.960995239 298233.58491620776 1.1775
59269.17125079 2459269.672503302 203.43253679922782 13.065868798876181 4.0 18.0 0.0 6671630.446877264 298167.36606402445 1.1775
59269.17254708501 2459269.6737996275 205.29920160770416 14.932533607352525 4.0 18.0 1.0 6674189.494908435 298298.2466163704 1.1775
59269.173843380006 2459269.6750959507 207.16586640570313 16.79919840535149 4.0 18.0 0.0 6672822.497296919 298219.8713198397 1.1775
59269.175139679995 2459269.676392278 209.03253839118406 18.665870390832424 4.0 18.0 1.0 6675043.884621103 298327.64637273527 1.1775
59269.176435974994 2459269.677688598 210.89920318918303 20.53253518883139 4.0 18.0 0.0 6673313.094059612 298242.4548849779 1.1775
59269.17773227 2459269.6789849172 212.76586799765937 22.399199997307733 4.0 18.0 1.0 6675827.2200123845 298362.587985008 1.1775
59269.17902857 2459269.6802812396 214.63253999361768 24.265871993266046 4.0 18.0 0.0 6673571.349674065 298252.2437869109 1.1775
59269.180324864996 2459269.681577555 216.49920479161665 26.13253679126501 4.0 18.0 1.0 6675803.2043939475 298375.81073205767 1.1775
59269.181621159994 2459269.6828738684 218.3658695896156 27.999201589263976 4.0 18.0 0.0 6674847.940168316 298307.3359514747 1.1775
59269.18291745499 2459269.6841701805 220.23253438761458 29.86586638726294 4.0 18.0 1.0 6676177.989699302 298390.345012564 1.1775
59269.18421375 2459269.685466491 222.09919919609092 31.732531195739284 4.0 18.0 0.0 6673116.589329925 298229.7662565202 1.1775
59269.185510049996 2459269.686762805 223.96587119204924 33.5992031916976 4.0 18.0 1.0 6675282.4479321325 298327.28923545376 1.1775
59269.186806344995 2459269.6880591125 225.8325359900482 35.46586798969656 4.0 18.0 0.0 6674221.185682328 298279.5331312949 1.1775
59269.18810264 2459269.6893554195 227.69920079852454 37.332532798172906 4.0 18.0 1.0 6680121.860678017 298554.38762895955 1.1775
59269.18939894 2459269.6906517297 229.56587279448286 39.19920479413122 4.0 18.0 0.0 6678369.161483169 298459.33790853084 1.1775
59269.190695235 2459269.6919480343 231.43253759248182 41.065869592130184 4.0 18.0 1.0 6678259.829103411 298473.36360162 1.1775
59269.191991529995 2459269.6932443385 233.2992023904808 42.93253439012915 4.0 18.0 0.0 6677493.701798045 298420.88981576834 1.1775
59269.19328782499 2459269.694540642 235.16586718847975 44.799199188128114 4.0 18.0 1.0 6679751.017394599 298538.5941734298 1.1775
59269.194584125 2459269.6958369506 237.03253919491544 46.665871194563806 4.0 18.0 0.0 6678293.449282138 298456.913543601 1.1775
59269.19588042 2459269.697133254 238.8992039929144 48.53253599256277 4.0 18.0 1.0 6679824.020891069 298542.02490596543 1.1775
59269.229584125 2459269.7308375677 287.4325391999446 1.865872802445665 4.0 19.0 0.0 6665467.8203184465 297900.28435299714 1.1775
59269.23088042 2459269.732133899 289.29920399794355 3.73253760044463 4.0 19.0 1.0 6671596.536307595 298179.0749617618 1.1775
59269.232176715 2459269.7334302287 291.1658687959425 5.599202398443595 4.0 19.0 0.0 6670472.180875457 298119.98515405523 1.1775
59269.23347301 2459269.7347265584 293.0325335939415 7.465867196442559 4.0 19.0 1.0 6673493.4600497205 298260.85949325596 1.1775
59269.23476931 2459269.736022892 294.8992056003772 9.332539202878252 4.0 19.0 0.0 6673126.563357924 298234.2962827824 1.1775
59269.236065605 2459269.73731922 296.76587039837614 11.199204000877216 4.0 19.0 1.0 6676065.5906239785 298380.9129305946 1.1775
59269.2373619 2459269.7386155464 298.6325351963751 13.065868798876181 4.0 19.0 0.0 6673792.410714593 298262.8695178112 1.1775
59269.238658195 2459269.7399118715 300.49919999437407 14.932533596875146 4.0 19.0 1.0 6675762.465007189 298351.24929103913 1.1775
59269.239954495 2459269.7412082 302.36587200080976 16.79920560331084 4.0 19.0 0.0 6673968.439216984 298269.6664338321 1.1775
