run/run_2021-08-21_02-00-29_L-98-59_Hubble15856_spec/extracted_sp/bins6_2021-08-24_17-36-08/speclc1.177.txt
# %ECSV 0.9
# ---
# datatype:
# - {name: t_mjd, datatype: float64}
# - {name: t_bjd, datatype: float64}
# - {name: t_visit, datatype: float64}
# - {name: t_orbit, datatype: float64}
# - {name: ivisit, datatype: float64}
# - {name: iorbit, datatype: float64}
# - {name: scan, datatype: float64}
# - {name: spec_opt, datatype: float64}
# - {name: var_opt, datatype: float64}
# - {name: wave, datatype: float64}
# schema: astropy-2.0
t_mjd t_bjd t_visit t_orbit ivisit iorbit scan spec_opt var_opt wave
[from data line 126]
58946.866194660004 2458947.3678825195 42.93253441108391 42.93253441108391 1.0 4.0 0.0 6689885.485710877 298968.0064150345 1.1775
58946.867490955 2458947.3691788097 44.79919920908287 44.79919920908287 1.0 4.0 1.0 6692074.475905838 299070.4846957792 1.1775
58946.86878725 2458947.370475099 46.66586400708184 46.66586400708184 1.0 4.0 0.0 6690809.126668041 299008.21294020757 1.1775
58946.870083545 2458947.3717713887 48.5325288050808 48.5325288050808 1.0 4.0 1.0 6692754.635573548 299101.0520972484 1.1775
58946.900754845 2458947.4024427715 92.69920080900192 1.8658656044863164 1.0 5.0 0.0 6678491.951670154 298473.5499620016 1.1775
58946.90205114 2458947.4037390784 94.56586560700089 3.7325304024852812 1.0 5.0 1.0 6685657.800176046 298798.8663309803 1.1775
58946.903347435 2458947.4050353845 96.43253040499985 5.599195200484246 1.0 5.0 0.0 6684321.523150729 298730.48616607045 1.1775
58946.904643735004 2458947.4063316956 98.29920241143554 7.465867206919938 1.0 5.0 1.0 6688383.268379919 298918.259118961 1.1775
58946.90594003 2458947.4076280016 100.16586720943451 9.332532004918903 1.0 5.0 0.0 6686401.800730063 298819.56025045016 1.1775
58946.907236325 2458947.408924307 102.03253200743347 11.199196802917868 1.0 5.0 1.0 6689081.785781941 298946.18719408155 1.1775
58946.90853262 2458947.410220612 103.89919680543244 13.065861600916833 1.0 5.0 0.0 6686699.696676919 298831.5077091416 1.1775
58946.909828915 2458947.411516916 105.7658616034314 14.932526398915797 1.0 5.0 1.0 6689996.221223635 298988.9159373731 1.1775
58946.911125215 2458947.4128132244 107.6325336098671 16.79919840535149 1.0 5.0 0.0 6689355.611429577 298947.9464408488 1.1775
58946.91242151 2458947.414109527 109.49919840786606 18.665863203350455 1.0 5.0 1.0 6690124.665728283 298993.5508634508 1.1775
58946.913717805 2458947.415405829 111.36586320586503 20.53252800134942 1.0 5.0 0.0 6689197.684724981 298939.935551765 1.1775
58946.915014105 2458947.4167021345 113.23253520182334 22.399199997307733 1.0 5.0 1.0 6690983.087862238 299030.8736736147 1.1775
58946.9163104 2458947.417998434 115.09920001029968 24.265864805784076 1.0 5.0 0.0 6689918.145576454 298971.0066921283 1.1775
58946.917606695 2458947.419294733 116.96586480829865 26.13252960378304 1.0 5.0 1.0 6691280.652868179 299039.69395378296 1.1775
58946.91890299 2458947.4205910307 118.83252960629761 27.999194401782006 1.0 5.0 0.0 6690369.787471382 298988.2224851532 1.1775
58946.920199285 2458947.421887327 120.69919440429658 29.86585919978097 1.0 5.0 1.0 6691142.087925882 299033.99155631155 1.1775
58946.921495585004 2458947.4231836274 122.56586641073227 31.732531206216663 1.0 5.0 0.0 6690579.338137339 298997.8365847459 1.1775
58946.92279188 2458947.4244799227 124.43253120873123 33.59919600421563 1.0 5.0 1.0 6692023.52154647 299072.2526806279 1.1775
58946.924088175 2458947.425776216 126.2991960067302 35.46586080221459 1.0 5.0 0.0 6690794.767627222 299009.3824075884 1.1775
58946.925384475 2458947.427072514 128.1658680026885 37.332532798172906 1.0 5.0 1.0 6692065.230047864 299073.834303891 1.1775
58946.926680770004 2458947.428368806 130.03253281116486 39.19919760664925 1.0 5.0 0.0 6689836.442339286 298966.2110952439 1.1775
58946.927977065 2458947.4296650975 131.89919760916382 41.065862404648215 1.0 5.0 1.0 6692524.656345932 299093.61102794565 1.1775
58946.92927336 2458947.4309613886 133.76586240716279 42.93252720264718 1.0 5.0 0.0 6688734.4170217225 298918.6270288974 1.1775
58946.930569660006 2458947.432257684 135.63253441359848 44.79919920908287 1.0 5.0 1.0 6691476.153873115 299050.7176413561 1.1775
58946.931865955004 2458947.4335539737 137.49919921159744 46.66586400708184 1.0 5.0 0.0 6688692.626150419 298915.92777976725 1.1775
58946.93316225 2458947.434850264 139.3658640095964 48.5325288050808 1.0 5.0 1.0 6690714.732490129 299014.1201520573 1.1775
58946.966831325 2458947.4685194087 187.84933200571686 1.865872791968286 1.0 6.0 0.0 6673828.275929149 298271.24404040334 1.1775
58946.96812762 2458947.4698157148 189.71599680371583 3.732537589967251 1.0 6.0 1.0 6679100.543363597 298511.87150187406 1.1775
58946.96942392 2458947.471112026 191.58266881015152 5.599209596402943 1.0 6.0 0.0 6678627.086434729 298481.72640392766 1.1775
58946.970720215 2458947.472408332 193.44933360815048 7.465874394401908 1.0 6.0 1.0 6682301.218304505 298652.63861652 1.1775
58946.97201651 2458947.473704638 195.31599840614945 9.332539192400873 1.0 6.0 0.0 6680125.03759429 298546.06678060716 1.1775
58946.973312805 2458947.475000943 197.1826632041484 11.199203990399837 1.0 6.0 1.0 6683150.265883486 298687.90127998416 1.1775
58946.9746091 2458947.4762972477 199.04932800214738 13.065868788398802 1.0 6.0 0.0 6682383.067952163 298642.53075578285 1.1775
58946.9759054 2458947.477593557 200.91600000858307 14.932540794834495 1.0 6.0 1.0 6684238.778788295 298733.74958944565 1.1775
58946.977201695 2458947.4788898607 202.78266480658203 16.79920559283346 1.0 6.0 0.0 6682414.575029882 298645.5645654783 1.1775
58946.97849799 2458947.480186163 204.649329604581 18.665870390832424 1.0 6.0 1.0 6684706.0101345815 298754.84831536247 1.1775
58946.979794290004 2458947.4814824695 206.5160016110167 20.532542397268116 1.0 6.0 0.0 6682758.03325751 298657.87000421644 1.1775
58946.981090585 2458947.48277877 208.38266640901566 22.39920719526708 1.0 6.0 1.0 6684813.821281362 298763.08571390045 1.1775
58946.98238688 2458947.48407507 210.24933120701462 24.265871993266046 1.0 6.0 0.0 6683585.36930799 298694.37065755355 1.1775
58946.983683175 2458947.4853713685 212.11599600501359 26.13253679126501 1.0 6.0 1.0 6685006.236022919 298759.05084713054 1.1775
58946.984979475004 2458947.4866676712 213.98266801144928 27.999208797700703 1.0 6.0 0.0 6682854.44873479 298660.7615074783 1.1775
58946.98627577 2458947.4879639675 215.84933280944824 29.865873595699668 1.0 6.0 1.0 6687047.363321452 298856.2529561104 1.1775
58946.987572065 2458947.4892602633 217.7159976074472 31.732538393698633 1.0 6.0 0.0 6684206.561061305 298719.03163264395 1.1775
58946.98886836 2458947.490556558 219.58266240544617 33.5992031916976 1.0 6.0 1.0 6685409.614566965 298783.5900831456 1.1775
58946.990164660005 2458947.4918528567 221.44933441188186 35.46587519813329 1.0 6.0 0.0 6684399.2025405895 298727.88859417685 1.1775
58946.991460955 2458947.4931491497 223.31599920988083 37.332539996132255 1.0 6.0 1.0 6687442.741428622 298872.2470289964 1.1775
58946.99275725 2458947.4944454418 225.1826640078798 39.19920479413122 1.0 6.0 0.0 6688532.487005745 298908.72657697514 1.1775
58946.994053545 2458947.4957417333 227.04932880587876 41.065869592130184 1.0 6.0 1.0 6689445.232269429 298960.92420420056 1.1775
58946.995349845005 2458947.497038029 228.91600081231445 42.93254159856588 1.0 6.0 0.0 6688993.183075526 298928.141161784 1.1775
58946.99664614 2458947.4983343193 230.78266561031342 44.79920639656484 1.0 6.0 1.0 6689324.593323055 298955.847060535 1.1775
58946.997942435 2458947.49963061 232.64933040831238 46.665871194563806 1.0 6.0 0.0 6686926.08660909 298839.891652922 1.1775
58946.99923873 2458947.5009268997 234.51599520631135 48.53253599256277 1.0 6.0 1.0 6689902.709521486 298979.4372542796 1.1775
58947.03290762 2458947.5345958583 282.99919680459425 1.8658656044863164 1.0 7.0 0.0 6677356.508995393 298425.75281363557 1.1775
58947.034203920004 2458947.5358921695 284.86586881102994 3.7325376109220088 1.0 7.0 1.0 6682212.946929712 298648.2026177221 1.1775
58947.035500215 2458947.5371884755 286.7325336090289 5.5992024089209735 1.0 7.0 0.0 6681420.347648748 298605.4406368174 1.1775
58947.03679651 2458947.538484782 288.59919840702787 7.465867206919938 1.0 7.0 1.0 6684967.826294874 298768.6746115614 1.1775
58947.038092805 2458947.5397810875 290.46586320502684 9.332532004918903 1.0 7.0 0.0 6684325.225157338 298728.25550597045 1.1775
58947.0393891 2458947.5410773926 292.3325280030258 11.199196802917868 1.0 7.0 1.0 6686441.5077926945 298831.97791270283 1.1775
58947.0406854 2458947.542373702 294.1992000094615 13.06586880935356 1.0 7.0 0.0 6685474.282821319 298779.45152429794 1.1775
58947.041981695 2458947.5436700066 296.06586480746046 14.932533607352525 1.0 7.0 1.0 6687677.350389264 298888.03240176657 1.1775
58947.04327799 2458947.5449663093 297.9325296054594 16.79919840535149 1.0 7.0 0.0 6686725.903046767 298833.7194344328 1.1775
58947.044574290005 2458947.5462626168 299.7992016118951 18.665870411787182 1.0 7.0 1.0 6687043.413730757 298857.87083023874 1.1775
58947.045870585 2458947.5475589186 301.6658664098941 20.532535209786147 1.0 7.0 0.0 6686716.431914377 298832.1191869831 1.1775
58947.04716688 2458947.5488552195 303.53253120789304 22.39920000778511 1.0 7.0 1.0 6688815.59628785 298935.4614166698 1.1775
58947.048463175 2458947.550151519 305.399196005892 24.265864805784076 1.0 7.0 0.0 6686838.17705548 298837.6431528143 1.1775
58947.049759475005 2458947.5514478222 307.2658680123277 26.13253681221977 1.0 7.0 1.0 6688646.607275484 298927.6413492754 1.1775
58947.05105577 2458947.55274412 309.13253281032667 27.999201610218734 1.0 7.0 0.0 6687304.303376776 298859.202538289 1.1775
58947.052352065 2458947.5540404166 310.99919760832563 29.8658664082177 1.0 7.0 1.0 6688872.967800423 298936.85800233396 1.1775
58947.05364836 2458947.5553367124 312.8658624063246 31.732531206216663 1.0 7.0 0.0 6687308.817721834 298856.1299964681 1.1775
58947.054944660005 2458947.556633012 314.7325344127603 33.599203212652355 1.0 7.0 1.0 6688670.490000122 298925.01027855714 1.1775
58947.056240955004 2458947.5579293054 316.59919921075925 35.46586801065132 1.0 7.0 0.0 6686764.900436613 298831.183274524 1.1775
58947.05753725 2458947.559225599 318.4658640087582 37.332532808650285 1.0 7.0 1.0 6689087.79720239 298942.17061032756 1.1775
58947.058833545 2458947.560521891 320.3325288067572 39.19919760664925 1.0 7.0 0.0 6687437.543269633 298862.42546625994 1.1775
58947.060129845006 2458947.5618181876 322.1992008131929 41.06586961308494 1.0 7.0 1.0 6687920.807402479 298894.11498077336 1.1775
58947.061426140004 2458947.5631144783 324.06586561119184 42.93253441108391 1.0 7.0 0.0 6687383.823421701 298860.73793045594 1.1775
58947.062722435 2458947.564410769 325.9325304091908 44.79919920908287 1.0 7.0 1.0 6687636.76981271 298880.60272428894 1.1775
58947.06401873 2458947.565707059 327.79919520718977 46.66586400708184 1.0 7.0 0.0 6686479.622437097 298819.561561435 1.1775
58947.065315030006 2458947.567003354 329.66586721362546 48.53253601351753 1.0 7.0 1.0 6689159.756489267 298948.5679848613 1.1775
59120.318630155 2459120.8177504004 1.8658656044863164 1.8658656044863164 2.0 8.0 0.0 6637205.851327984 296674.68913881556 1.1775
59120.319926455 2459120.819046701 3.73253760044463 3.73253760044463 2.0 8.0 1.0 6656146.918234632 297511.96828897786 1.1775
59120.321222750004 2459120.8203429957 5.5992024089209735 5.5992024089209735 2.0 8.0 0.0 6657546.560921943 297561.811658219 1.1775
59120.322519045 2459120.82163929 7.465867206919938 7.465867206919938 2.0 8.0 1.0 6667553.265780636 298009.3171374172 1.1775
59120.32381534 2459120.822935584 9.332532004918903 9.332532004918903 2.0 8.0 0.0 6667502.758373547 297996.96231875 1.1775
59120.32511164 2459120.824231882 11.199204000877216 11.199204000877216 2.0 8.0 1.0 6674806.286655867 298324.3358495276 1.1775
59120.326407935 2459120.8255281746 13.065868798876181 13.065868798876181 2.0 8.0 0.0 6674599.413649537 298304.4664454636 1.1775
59120.32770423 2459120.8268244658 14.932533607352525 14.932533607352525 2.0 8.0 1.0 6680800.472357333 298585.6695309345 1.1775
59120.329000525 2459120.8281207564 16.79919840535149 16.79919840535149 2.0 8.0 0.0 6678020.516786322 298455.1027642766 1.1775
59120.330296825 2459120.829417051 18.665870401309803 18.665870401309803 2.0 8.0 1.0 6684097.675376601 298731.1699107057 1.1775
59120.331593120005 2459120.830713339 20.532535209786147 20.532535209786147 2.0 8.0 0.0 6680790.202134666 298576.6356095783 1.1775
59120.332889415 2459120.832009626 22.39920000778511 22.39920000778511 2.0 8.0 1.0 6685561.55426761 298795.0305831411 1.1775
59120.334185715 2459120.833305917 24.265872003743425 24.265872003743425 2.0 8.0 0.0 6683342.129211247 298688.8149829431 1.1775
59120.33548201 2459120.8346022028 26.13253680174239 26.13253680174239 2.0 8.0 1.0 6687414.700512476 298877.35393248836 1.1775
59120.336778305 2459120.8358984864 27.999201599741355 27.999201599741355 2.0 8.0 0.0 6685845.663164707 298797.5265652565 1.1775
59120.338074600004 2459120.837194769 29.8658664082177 29.8658664082177 2.0 8.0 1.0 6688460.075313426 298921.74890158104 1.1775
59120.339370895 2459120.838491051 31.732531206216663 31.732531206216663 2.0 8.0 0.0 6687148.807959303 298853.91247307765 1.1775
59120.340667195 2459120.839787337 33.59920320217498 33.59920320217498 2.0 8.0 1.0 6689914.386324773 298986.17143367225 1.1775
59120.341963490006 2459120.841083617 35.46586801065132 35.46586801065132 2.0 8.0 0.0 6686825.610547425 298839.53160180344 1.1775
59120.343259785004 2459120.842379896 37.332532808650285 37.332532808650285 2.0 8.0 1.0 6691181.001095981 299039.55277795496 1.1775
59120.344556085 2459120.8436761796 39.1992048046086 39.1992048046086 2.0 8.0 0.0 6688213.690739916 298901.0265152433 1.1775
59120.34585238 2459120.844972458 41.06586960260756 41.06586960260756 2.0 8.0 1.0 6690492.004186845 299009.1971656096 1.1775
59120.347148675 2459120.846268736 42.93253440060653 42.93253440060653 2.0 8.0 0.0 6687593.181347155 298872.6762248002 1.1775
59120.348444970004 2459120.847565013 44.79919920908287 44.79919920908287 2.0 8.0 1.0 6689957.369215853 298984.1307393951 1.1775
59120.349741265 2459120.8488612906 46.66586400708184 46.66586400708184 2.0 8.0 0.0 6687182.993683431 298853.1546256093 1.1775
59120.351037565 2459120.850157573 48.53253600304015 48.53253600304015 2.0 8.0 1.0 6688765.3000215255 298933.9744321281 1.1775
59120.382449785 2459120.8815695937 93.76613280270249 1.866132002323866 2.0 9.0 0.0 6676492.138753651 298392.37870613456 1.1775
59120.383746085 2459120.8828658946 95.6328047986608 3.7328039982821792 2.0 9.0 1.0 6682348.382561477 298658.2469203137 1.1775
59120.38504238 2459120.8841621904 97.49946960713714 5.599468806758523 2.0 9.0 0.0 6681876.337544894 298627.0077244053 1.1775
59120.38633849 2459120.8854583004 99.36586800729856 7.465867206919938 2.0 9.0 1.0 6685234.257590495 298782.1764131937 1.1775
59120.38763497 2459120.88675478 101.23279920313507 9.332798402756453 2.0 9.0 0.0 6683500.365963125 298696.41926406324 1.1775
59120.38893108 2459120.8880508896 103.09919760329649 11.199196802917868 2.0 9.0 1.0 6687693.425657405 298890.9350461224 1.1775
59120.390227565 2459120.8893473735 104.96613600756973 13.06613520719111 2.0 9.0 0.0 6685386.883998411 298777.7208842544 1.1775
59120.39152386 2459120.8906436665 106.8328008055687 14.932800005190074 2.0 9.0 1.0 6688061.19786289 298906.5483813557 1.1775
59120.392820155 2459120.8919399586 108.69946560356766 16.79946480318904 2.0 9.0 0.0 6686013.317068011 298806.57303759904 1.1775
59120.39411627 2459120.89323607 110.56587120168842 18.665870401309803 2.0 9.0 1.0 6687648.647055308 298887.42839270964 1.1775
59120.395412750004 2459120.8945325455 112.43280240800232 20.532801607623696 2.0 9.0 0.0 6686947.6872572275 298844.86938462924 1.1775
59120.396709045 2459120.8958288347 114.29946720600128 22.39946640562266 2.0 9.0 1.0 6689662.145905267 298975.2192453265 1.1775
59120.39800534 2459120.8971251226 116.16613200400025 24.266131203621626 2.0 9.0 0.0 6686419.4877398815 298822.0052071463 1.1775
59120.399301640005 2459120.898421415 118.03280401043594 26.132803210057318 2.0 9.0 1.0 6688771.048023282 298933.73449061613 1.1775
59120.400597935004 2459120.8997177007 119.8994688084349 27.999468008056283 2.0 9.0 0.0 6687365.714819308 298864.81888507504 1.1775
59120.40189423 2459120.9010139853 121.76613360643387 29.866132806055248 2.0 9.0 1.0 6688393.017842676 298918.5674314103 1.1775
59120.403190525 2459120.902310269 123.63279840443283 31.732797604054213 2.0 9.0 0.0 6687261.183940203 298859.8446766835 1.1775
59120.404486825 2459120.903606557 125.49947040039115 33.599469600012526 2.0 9.0 1.0 6690375.896287958 299006.99459622015 1.1775
