run/run_2021-08-21_02-00-29_L-98-59_Hubble15856_spec/extracted_sp/bins6_2021-08-24_17-36-08/speclc1.177.txt
# %ECSV 0.9
# ---
# datatype:
# - {name: t_mjd, datatype: float64}
# - {name: t_bjd, datatype: float64}
# - {name: t_visit, datatype: float64}
# - {name: t_orbit, datatype: float64}
# - {name: ivisit, datatype: float64}
# - {name: iorbit, datatype: float64}
# - {name: scan, datatype: float64}
# - {name: spec_opt, datatype: float64}
# - {name: var_opt, datatype: float64}
# - {name: wave, datatype: float64}
# schema: astropy-2.0
t_mjd t_bjd t_visit t_orbit ivisit iorbit scan spec_opt var_opt wave
58888.252084215 2458888.753034453 1.8658655940089375 1.8658655940089375 0.0 0.0 0.0 6564807.226609554 293501.8263963847 1.1775
58888.253380509996 2458888.7543307883 3.7325303920079023 3.7325303920079023 0.0 0.0 1.0 6606133.401319814 295316.33754888945 1.1775
58888.25467699 2458888.755627308 5.5994615983217955 5.5994615983217955 0.0 0.0 0.0 6616936.218114181 295780.51801097015 1.1775
58888.255973105 2458888.756923462 7.465867196442559 7.465867196442559 0.0 0.0 1.0 6634806.05314062 296579.1328508676 1.1775
58888.2572694 2458888.7582197953 9.332531994441524 9.332531994441524 0.0 0.0 0.0 6637727.027224696 296687.78930798604 1.1775
58888.258565694996 2458888.7595161274 11.199196792440489 11.199196792440489 0.0 0.0 1.0 6647837.251856717 297149.2729660161 1.1775
58888.259861989995 2458888.7608124586 13.065861590439454 13.065861590439454 0.0 0.0 0.0 6649968.145851282 297221.9696673346 1.1775
58888.261158285 2458888.7621087884 14.932526398915797 14.932526398915797 0.0 0.0 1.0 6659694.313387715 297654.59322138125 1.1775
58888.262454585 2458888.763405122 16.79919839487411 16.79919839487411 0.0 0.0 0.0 6659056.189636083 297617.31844908465 1.1775
58888.263750879996 2458888.7647014484 18.665863192873076 18.665863192873076 0.0 0.0 1.0 6663687.579209743 297827.7821637118 1.1775
58888.265047175 2458888.765997773 20.53252800134942 20.53252800134942 0.0 0.0 0.0 6662795.485319945 297780.5949151005 1.1775
58888.266343475 2458888.7672941014 22.399199997307733 22.399199997307733 0.0 0.0 1.0 6667597.978303802 297998.4512953764 1.1775
58888.26763977 2458888.7685904233 24.265864795306697 24.265864795306697 0.0 0.0 0.0 6666735.93082554 297952.93020496314 1.1775
58888.268936065 2458888.7698867433 26.132529593305662 26.132529593305662 0.0 0.0 1.0 6671294.2932221545 298169.1582812452 1.1775
58888.270232359995 2458888.7711830614 27.999194391304627 27.999194391304627 0.0 0.0 0.0 6670240.172986752 298105.15489372285 1.1775
58888.27152866 2458888.772479383 29.86586639774032 29.86586639774032 0.0 0.0 1.0 6673163.416358898 298240.64657823514 1.1775
58888.272824955 2458888.773775698 31.732531195739284 31.732531195739284 0.0 0.0 0.0 6671136.635941359 298143.60126512713 1.1775
58888.274121434995 2458888.7750721965 33.5994623915758 33.5994623915758 0.0 0.0 1.0 6675401.700786369 298350.35691619565 1.1775
58888.275417545 2458888.776368324 35.46586080221459 35.46586080221459 0.0 0.0 0.0 6674493.83711962 298290.7502579818 1.1775
58888.276713845 2458888.77766464 37.332532798172906 37.332532798172906 0.0 0.0 1.0 6675266.507518684 298331.7955815415 1.1775
58888.27801014 2458888.7789609507 39.19919759617187 39.19919759617187 0.0 0.0 0.0 6673253.29835856 298236.586573506 1.1775
58888.279306435 2458888.78025726 41.065862394170836 41.065862394170836 0.0 0.0 1.0 6676541.9376383815 298397.6221182128 1.1775
58888.280602735 2458888.7815535734 42.93253440060653 42.93253440060653 0.0 0.0 0.0 6675212.680052816 298320.95542576606 1.1775
58888.28189903 2458888.782849882 44.79919919860549 44.79919919860549 0.0 0.0 1.0 6676708.041187997 298394.84983501787 1.1775
58888.283195325 2458888.78414619 46.66586399660446 46.66586399660446 0.0 0.0 0.0 6675897.174314621 298351.9510699648 1.1775
58888.28449162 2458888.7854424976 48.53252879460342 48.53252879460342 0.0 0.0 1.0 6678246.150448243 298473.24905068567 1.1775
58888.318183845 2458888.8191354494 97.04933279310353 1.866132002323866 0.0 1.0 0.0 6662271.939423273 297758.3928807073 1.1775
58888.319480139995 2458888.8204317843 98.9159975911025 3.7327968003228307 0.0 1.0 1.0 6668981.251728407 298071.9177233013 1.1775
58888.320776435 2458888.821728119 100.78266239957884 5.599461608799174 0.0 1.0 0.0 6667982.983349345 298011.24608922994 1.1775
58888.322072735 2458888.8230244583 102.64933439553715 7.466133604757488 0.0 1.0 1.0 6672177.783491938 298210.6757489116 1.1775
58888.32336903 2458888.8243207913 104.51599919353612 9.332798402756453 0.0 1.0 0.0 6670812.989310322 298131.31948672154 1.1775
58888.324665325 2458888.825617124 106.38266400201246 11.199463211232796 0.0 1.0 1.0 6673072.830012228 298249.6455810434 1.1775
58888.32596162 2458888.826913455 108.24932880001143 13.066128009231761 0.0 1.0 0.0 6672886.520823057 298222.22225461405 1.1775
58888.32725773 2458888.8282095995 110.11572720017284 14.932526409393176 0.0 1.0 1.0 6675027.336996549 298334.36186062766 1.1775
58888.328554215 2458888.8295061174 111.9826655939687 16.79946480318904 0.0 1.0 0.0 6673573.534390521 298251.7215319911 1.1775
58888.329850509996 2458888.830802444 113.84933039196767 18.666129601188004 0.0 1.0 1.0 6676603.058755706 298402.2127337183 1.1775
58888.331146805 2458888.8320987695 115.71599520044401 20.532794409664348 0.0 1.0 0.0 6673324.901740626 298241.6634041913 1.1775
58888.332443105 2458888.833395098 117.58266719640233 22.39946640562266 0.0 1.0 1.0 6675660.766555871 298351.0318324957 1.1775
58888.3337394 2458888.8346914193 119.44933199440129 24.266131203621626 0.0 1.0 0.0 6674520.189281613 298291.95203158737 1.1775
58888.335035694996 2458888.8359877393 121.31599679240026 26.13279600162059 0.0 1.0 1.0 6675562.604737209 298356.16425749863 1.1775
58888.336331989995 2458888.837284058 123.18266159039922 27.999460799619555 0.0 1.0 0.0 6673677.584504286 298254.9158297157 1.1775
58888.337628099995 2458888.8385801897 125.04905999056064 29.86585919978097 0.0 1.0 1.0 6675328.764546149 298337.80403188954 1.1775
58888.338924585 2458888.8398766946 126.91599839483388 31.732797604054213 0.0 1.0 0.0 6675878.990649851 298351.23552020814 1.1775
58888.340220879996 2458888.841173008 128.78266319283284 33.59946240205318 0.0 1.0 1.0 6677393.553650638 298436.4347612336 1.1775
58888.341517175 2458888.842469321 130.6493280013092 35.46612721052952 0.0 1.0 0.0 6674618.345598884 298295.9223653635 1.1775
58888.34281329 2458888.8437654525 132.51573359942995 37.332532808650285 0.0 1.0 1.0 6676693.868230252 298394.7451941784 1.1775
58888.34410977 2458888.845061947 134.38266479526646 39.1994640044868 0.0 1.0 0.0 6676515.316873015 298377.31481402874 1.1775
58888.345406065 2458888.8463582564 136.24932959326543 41.066128802485764 0.0 1.0 1.0 6675716.759433407 298351.53225476894 1.1775
58888.346702359995 2458888.8476545657 138.1159943912644 42.93279360048473 0.0 1.0 0.0 6676366.543458122 298370.5676790391 1.1775
58888.34799866 2458888.8489508787 139.9826663977001 44.79946560692042 0.0 1.0 1.0 6676142.420505944 298381.7053958702 1.1775
58888.349294955 2458888.8502471866 141.84933119569905 46.666130404919386 0.0 1.0 0.0 6675117.122907843 298317.66959307523 1.1775
58888.35059125 2458888.8515434945 143.71599599369802 48.53279520291835 0.0 1.0 1.0 6676294.059124587 298386.29466584424 1.1775
58888.384294955 2458888.8852479253 192.2493312007282 1.866132002323866 0.0 2.0 0.0 6657982.604964711 297569.82638159854 1.1775
58888.38559125 2458888.8865442607 194.11599599872716 3.7327968003228307 0.0 2.0 1.0 6663588.432299537 297837.54120126885 1.1775
58888.38688736 2458888.88784041 195.98239439888857 5.599195200484246 0.0 2.0 0.0 6663527.728099411 297812.151967081 1.1775
58888.388183845 2458888.8891369347 197.84933280316181 7.466133604757488 0.0 2.0 1.0 6666216.7155372705 297950.1581658575 1.1775
58888.389479955 2458888.890433083 199.71573120332323 9.332532004918903 0.0 2.0 0.0 6666730.019311336 297953.72400440054 1.1775
58888.390776435 2458888.8917295993 201.58266239915974 11.199463200755417 0.0 2.0 1.0 6667942.148737729 298026.68070334324 1.1775
58888.392072735 2458888.8930259356 203.44933439511806 13.06613519671373 0.0 2.0 0.0 6666271.967759447 297932.69913346914 1.1775
58888.393369030004 2458888.8943222654 205.3159992035944 14.932800005190074 0.0 2.0 1.0 6668104.000301817 298031.7783663976 1.1775
58888.394665325 2458888.8956185933 207.18266400159337 16.79946480318904 0.0 2.0 0.0 6666588.044514932 297946.91269618727 1.1775
58888.39596162 2458888.89691492 209.04932879959233 18.666129601188004 0.0 2.0 1.0 6668021.171403775 298027.40907497314 1.1775
58888.397257915 2458888.898211245 210.9159935975913 20.53279439918697 0.0 2.0 0.0 6667756.8189647775 297995.7734039345 1.1775
58888.398554215004 2458888.899507574 212.782665604027 22.39946640562266 0.0 2.0 1.0 6668877.652767641 298063.5821346082 1.1775
58888.39985051 2458888.900803895 214.64933040202595 24.266131203621626 0.0 2.0 0.0 6668637.622940106 298033.9394345654 1.1775
58888.401146805 2458888.902100215 216.51599520002492 26.13279600162059 0.0 2.0 1.0 6669290.891300095 298080.5373031871 1.1775
58888.402443105 2458888.9033965385 218.38266719598323 27.999467997578904 0.0 2.0 0.0 6668309.704807282 298018.0644852564 1.1775
58888.403739400004 2458888.9046928557 220.24933200445957 29.866132806055248 0.0 2.0 1.0 6668953.709384751 298067.14130129374 1.1775
58888.405035695 2458888.9059891705 222.11599680245854 31.732797604054213 0.0 2.0 0.0 6667946.213445936 298003.0472910173 1.1775
58888.40633199 2458888.9072854845 223.9826616004575 33.59946240205318 0.0 2.0 1.0 6669482.374919837 298090.2426440756 1.1775
58888.407628285 2458888.9085817966 225.84932639845647 35.46612720005214 0.0 2.0 0.0 6669565.003687381 298074.22733669996 1.1775
58888.408924585 2458888.9098781133 227.71599839441478 37.332799196010455 0.0 2.0 1.0 6670242.490326158 298123.56037891505 1.1775
58888.41022088 2458888.9111744235 229.58266320289113 39.1994640044868 0.0 2.0 0.0 6669403.071927455 298066.51326504746 1.1775
58888.411517175 2458888.912470733 231.4493280008901 41.066128802485764 0.0 2.0 1.0 6670116.601987584 298116.5095855326 1.1775
58888.412813475 2458888.9137670468 233.3159999968484 42.93280079844408 0.0 2.0 0.0 6672710.46026968 298209.738114267 1.1775
58888.414109770005 2458888.9150633556 235.18266480532475 44.79946560692042 0.0 2.0 1.0 6673881.49484227 298281.79815141903 1.1775
58888.415406065 2458888.9163596635 237.0493296033237 46.666130404919386 0.0 2.0 0.0 6673241.67488124 298234.76864957216 1.1775
58888.41670236 2458888.9176559714 238.91599440132268 48.53279520291835 0.0 2.0 1.0 6674255.361257461 298296.6006782438 1.1775
58888.450417545 2458888.951371881 287.46586079592817 1.8658656044863164 0.0 3.0 0.0 6660597.517253116 297694.0689858893 1.1775
58888.451713845 2458888.952668221 289.33253280236386 3.7325376109220088 0.0 3.0 1.0 6666360.767618917 297957.5259425541 1.1775
58888.45301014 2458888.9539645556 291.1991976003628 5.5992024089209735 0.0 3.0 0.0 6666028.353033697 297921.5377135661 1.1775
58888.454306435 2458888.9552608896 293.0658623983618 7.465867206919938 0.0 3.0 1.0 6667849.908534451 298021.10683844174 1.1775
58888.455602735 2458888.9565572278 294.9325343943201 9.332539202878252 0.0 3.0 0.0 6667174.353683065 297972.4104304089 1.1775
58888.45689903 2458888.95785356 296.79919920279644 11.199204011354595 0.0 3.0 1.0 6670139.035669681 298121.4883725821 1.1775
58888.458195325 2458888.959149891 298.6658640007954 13.06586880935356 0.0 3.0 0.0 6669180.819217015 298060.2656957594 1.1775
58888.45949162 2458888.9604462204 300.5325287987944 14.932533607352525 0.0 3.0 1.0 6670690.224209209 298147.43965376326 1.1775
58888.460787915 2458888.9617425487 302.39919359679334 16.79919840535149 0.0 3.0 0.0 6670072.153350658 298098.50066193973 1.1775
58888.462084215 2458888.9630388804 304.26586560322903 18.665870411787182 0.0 3.0 1.0 6671250.389562609 298168.96104522876 1.1775
58888.46338051 2458888.964335205 306.132530401228 20.532535209786147 0.0 3.0 0.0 6671133.012047938 298143.1247783843 1.1775
58888.464676805 2458888.9656315283 307.99919519922696 22.39920000778511 0.0 3.0 1.0 6672344.825108169 298214.75586236565 1.1775
58888.465973105 2458888.9669278553 309.8658671951853 24.265872003743425 0.0 3.0 0.0 6671894.939871038 298176.41836609406 1.1775
58888.467269400004 2458888.9682241757 311.7325320036616 26.13253681221977 0.0 3.0 1.0 6670829.287552536 298139.5123712461 1.1775
58888.46856588 2458888.9695206787 313.59946319949813 27.999468008056283 0.0 3.0 0.0 6670497.621438019 298114.53955373046 1.1775
58888.46986199 2458888.9708168106 315.46586159965955 29.8658664082177 0.0 3.0 1.0 6671813.871313317 298190.3249058058 1.1775
58888.471158285 2458888.972113126 317.3325263976585 31.732531206216663 0.0 3.0 0.0 6669978.233062502 298092.70887748 1.1775
58888.472454585004 2458888.973409445 319.1991984040942 33.599203212652355 0.0 3.0 1.0 6671156.622522671 298165.26611225825 1.1775
58888.47375088 2458888.974705757 321.06586320209317 35.46586801065132 0.0 3.0 0.0 6672361.852265159 298197.2217553415 1.1775
58888.475047175 2458888.9760020687 322.93252800009213 37.332532808650285 0.0 3.0 1.0 6671287.840599131 298169.2622127159 1.1775
58888.476343475 2458888.977298384 324.79919999605045 39.1992048046086 0.0 3.0 0.0 6670661.507634853 298120.04854689003 1.1775
58888.477639770004 2458888.978594694 326.6658648045268 41.06586961308494 0.0 3.0 1.0 6671924.230229529 298195.65250837296 1.1775
58888.478936065 2458888.9798910026 328.53252960252576 42.93253441108391 0.0 3.0 0.0 6671259.314317226 298146.9110712351 1.1775
58888.48023236 2458888.981187311 330.3991944005247 44.79919920908287 0.0 3.0 1.0 6671812.556238622 298190.6019561984 1.1775
58888.48152866 2458888.982483624 332.26586639648303 46.665871205041185 0.0 3.0 0.0 6670116.947163848 298097.91884555283 1.1775
58888.482824955 2458888.9837799324 334.132531194482 48.53253600304015 0.0 3.0 1.0 6672430.347147412 298217.7910266681 1.1775
58946.83767614 2458947.3393639354 1.8658656044863164 1.8658656044863164 1.0 4.0 0.0 6619902.844464022 295915.8070992313 1.1775
58946.838972435 2458947.3406602414 3.7325304024852812 3.7325304024852812 1.0 4.0 1.0 6647241.702340546 297119.5188466338 1.1775
58946.84026873 2458947.3419565475 5.599195200484246 5.599195200484246 1.0 4.0 0.0 6652957.273142025 297359.24608394655 1.1775
58946.84156503 2458947.3432528577 7.465867206919938 7.465867206919938 1.0 4.0 1.0 6665327.498545 297909.9112175428 1.1775
58946.842861325 2458947.3445491623 9.332532004918903 9.332532004918903 1.0 4.0 0.0 6667197.027964643 297982.6030609338 1.1775
58946.84415762 2458947.3458454665 11.199196802917868 11.199196802917868 1.0 4.0 1.0 6674700.89893551 298317.84093072853 1.1775
58946.84545392 2458947.3471417744 13.06586880935356 13.06586880935356 1.0 4.0 0.0 6674371.037851026 298292.5392143571 1.1775
58946.846750215 2458947.348438077 14.932533607352525 14.932533607352525 1.0 4.0 1.0 6680715.331357376 298581.06598852796 1.1775
58946.84804651 2458947.3497343785 16.79919840535149 16.79919840535149 1.0 4.0 0.0 6679225.730236199 298504.6718245505 1.1775
58946.849342805 2458947.3510306785 18.665863203350455 18.665863203350455 1.0 4.0 1.0 6683999.614864174 298725.106653125 1.1775
58946.8506391 2458947.3523269785 20.53252800134942 20.53252800134942 1.0 4.0 0.0 6682701.280233644 298655.7164119806 1.1775
58946.8519354 2458947.3536232817 22.39920000778511 22.39920000778511 1.0 4.0 1.0 6687168.804354961 298860.99180767965 1.1775
58946.853231695 2458947.354919579 24.265864805784076 24.265864805784076 1.0 4.0 0.0 6685160.348299361 298761.81589679135 1.1775
58946.85452799 2458947.356215875 26.13252960378304 26.13252960378304 1.0 4.0 1.0 6687954.13330385 298892.5798365757 1.1775
58946.85582429 2458947.3575121756 27.999201610218734 27.999201610218734 1.0 4.0 0.0 6686523.688234747 298822.44254604436 1.1775
58946.857120585 2458947.35880847 29.8658664082177 29.8658664082177 1.0 4.0 1.0 6689794.307690392 298971.32506705937 1.1775
58946.85841688 2458947.3601047634 31.732531206216663 31.732531206216663 1.0 4.0 0.0 6688904.974753548 298927.88850944076 1.1775
58946.859713175 2458947.361401056 33.59919600421563 33.59919600421563 1.0 4.0 1.0 6690424.299335043 299004.29446684045 1.1775
58946.861009475004 2458947.3626973527 35.46586801065132 35.46586801065132 1.0 4.0 0.0 6688984.656680959 298930.9393389078 1.1775
58946.86230577 2458947.3639936442 37.332532808650285 37.332532808650285 1.0 4.0 1.0 6691718.748318421 299061.17776365945 1.1775
58946.863602065 2458947.3652899344 39.19919760664925 39.19919760664925 1.0 4.0 0.0 6689193.30952763 298938.5193494438 1.1775
